	Signature.1	Signature.2	Signature.13	Signature.3	Signature.8	Signature.5	Signature.18	Signature.17	Signature.6	Signature.15	Signature.20	Signature.26	Signature.30
TCGA-A1-A0SB 0.9933387 0 0 0 0 0 0 0 0 0 0 0 0
TCGA-A1-A0SD 1 0 0 0 0 0 0 0 0 0 0 0 0
TCGA-A1-A0SE 0.3899852 0.08252167 0 0 0 0.3415201 0 0 0 0.1364367 0 0 0
TCGA-A1-A0SF 0.1117009 0.3716585 0 0 0 0 0 0 0 0.5166406 0 0 0
TCGA-A1-A0SG 0.7260274 0 0 0 0 0.2575284 0 0 0 0 0 0 0
TCGA-A1-A0SH 0 0.2032432 0.2518834 0.3130983 0 0 0.07655527 0 0.1329986 0 0 0 0
TCGA-A1-A0SI 0.2426252 0.2727942 0.3846911 0.08746388 0 0 0 0 0 0 0 0 0
TCGA-A1-A0SN 0.5771926 0.1002528 0.1151494 0 0 0.1342012 0 0 0 0 0 0 0
TCGA-A1-A0SQ 1 0 0 0 0 0 0 0 0 0 0 0 0
TCGA-A2-A04N 0.6816105 0.08942319 0 0 0.2124188 0 0 0 0 0 0 0 0
TCGA-A2-A04T 0.1811971 0 0 0.5713552 0 0 0.07136439 0 0 0 0 0 0.09076035
TCGA-A2-A04U 0.9292342 0 0 0 0 0 0 0 0 0 0 0 0
TCGA-A2-A04V 0.9661012 0 0 0 0 0 0 0 0 0 0 0 0
TCGA-A2-A04W 0.4456145 0.2472733 0.2303308 0 0 0 0 0 0 0 0 0 0
TCGA-A2-A04X 0.56805 0.3286141 0 0.07918936 0 0 0 0 0 0 0 0 0
TCGA-A2-A04Y 0.3256987 0 0.102437 0.09988855 0 0.3937895 0.07818623 0 0 0 0 0 0
TCGA-A2-A0CK 0.6946274 0 0 0 0 0 0 0 0 0.3053726 0 0 0
TCGA-A2-A0CO 0.8204707 0 0 0 0 0 0 0 0.135881 0 0 0 0
TCGA-A2-A0CP 0.314441 0 0 0 0 0 0 0 0 0.6006722 0 0 0
TCGA-A2-A0CS 1 0 0 0 0 0 0 0 0 0 0 0 0
TCGA-A2-A0CT 0.8673469 0.07488233 0 0 0 0 0 0 0 0 0 0 0
TCGA-A2-A0CU 0.8244457 0 0 0.1703064 0 0 0 0 0 0 0 0 0
TCGA-A2-A0CW 0.8040177 0.1521268 0 0 0 0 0 0 0 0 0 0 0
TCGA-A2-A0CX 0.4415051 0.370871 0.1806902 0 0 0 0 0 0 0 0 0 0
TCGA-A2-A0D1 0.9379817 0.06201826 0 0 0 0 0 0 0 0 0 0 0
TCGA-A2-A0D2 0.308449 0 0.06194101 0.4845082 0 0 0 0 0 0 0 0.1451017 0
TCGA-A2-A0D3 1 0 0 0 0 0 0 0 0 0 0 0 0
TCGA-A2-A0EM 0.4861994 0 0 0 0 0 0 0 0.1624006 0.1741255 0 0 0.1284726
TCGA-A2-A0EN 1 0 0 0 0 0 0 0 0 0 0 0 0
TCGA-A2-A0EO 0.570893 0 0 0 0 0 0 0 0 0.2131623 0 0 0.2159447
TCGA-A2-A0ER 1 0 0 0 0 0 0 0 0 0 0 0 0
TCGA-A2-A0ET 0.7934073 0 0 0 0 0 0 0 0 0.1555268 0 0 0
TCGA-A2-A0EU 1 0 0 0 0 0 0 0 0 0 0 0 0
TCGA-A2-A0EV 0.4741875 0.08550548 0 0 0 0 0 0 0 0 0 0.161205 0.2272601
TCGA-A2-A0EX 1 0 0 0 0 0 0 0 0 0 0 0 0
TCGA-A2-A0EY 0.5844361 0.313074 0.1024899 0 0 0 0 0 0 0 0 0 0
TCGA-A2-A0SU 0.09727952 0 0 0 0 0 0 0 0 0.9027205 0 0 0
TCGA-A2-A0SV 0.5686119 0 0 0 0 0.2516124 0 0 0 0.1797757 0 0 0
TCGA-A2-A0SW 0.8881647 0.06851449 0 0 0 0 0 0 0 0 0 0 0
TCGA-A2-A0SX 0.3848681 0 0 0 0 0 0.1097469 0 0 0.4605148 0 0 0
TCGA-A2-A0SY 0.4586371 0.1997436 0.3416193 0 0 0 0 0 0 0 0 0 0
TCGA-A2-A0T0 0.2952247 0 0 0.4806682 0 0 0 0 0 0 0 0.09531279 0
TCGA-A2-A0T2 1 0 0 0 0 0 0 0 0 0 0 0 0
TCGA-A2-A0T3 0.1713165 0 0 0.2184485 0 0 0.2202076 0 0.3900274 0 0 0 0
TCGA-A2-A0T4 0.3316612 0 0 0.1749082 0 0 0 0 0.3803924 0.1130382 0 0 0
TCGA-A2-A0T5 0 0 0 1 0 0 0 0 0 0 0 0 0
TCGA-A2-A0T6 0.3119441 0 0 0.6880559 0 0 0 0 0 0 0 0 0
TCGA-A2-A0T7 0.9533597 0 0 0 0 0 0 0 0 0 0 0 0
TCGA-A2-A0YC 0.7195884 0 0 0 0.2547545 0 0 0 0 0 0 0 0
TCGA-A2-A0YD 0.7734451 0.1805545 0 0 0 0 0 0 0 0 0 0 0
TCGA-A2-A0YE 0.8588372 0 0 0.07778244 0 0 0 0 0 0 0 0 0
TCGA-A2-A0YG 0.6588643 0.06398872 0 0 0 0 0 0 0.1987764 0 0 0.06546098 0
TCGA-A2-A0YH 0.5588471 0.1403814 0.1998216 0 0.1009498 0 0 0 0 0 0 0 0
TCGA-A2-A0YJ 0.5177678 0 0 0.3795743 0 0 0 0 0 0 0 0 0
TCGA-A2-A0YK 0.3100758 0.3221133 0.3678109 0 0 0 0 0 0 0 0 0 0
TCGA-A2-A0YM 0.9183348 0 0 0 0 0 0 0 0 0 0 0 0
TCGA-A2-A0YT 0.9341189 0 0 0 0 0 0 0 0 0.06588107 0 0 0
TCGA-A2-A1FV 1 0 0 0 0 0 0 0 0 0 0 0 0
TCGA-A2-A1FW 0.9892737 0 0 0 0 0 0 0 0 0 0 0 0
TCGA-A2-A1FX 0.7039401 0 0 0 0 0 0.1938223 0 0 0 0 0 0
TCGA-A2-A1FZ 0.6633208 0 0 0 0 0 0 0 0 0 0 0.2946883 0
TCGA-A2-A1G0 0.591541 0 0 0 0 0.1914536 0.1258634 0 0 0 0 0 0.09114201
TCGA-A2-A1G1 0.6737889 0 0 0.1688865 0 0 0 0 0 0 0.1128801 0 0
TCGA-A2-A1G4 0.3572767 0.1077723 0 0 0.1431437 0 0 0 0 0.2934138 0 0.09839346 0
TCGA-A2-A25A 0.2112888 0.1185034 0 0 0.2516472 0 0.3005377 0 0 0 0.08522003 0 0
TCGA-A2-A25C 0.316631 0 0 0 0 0 0.1951899 0 0 0 0 0.4161295 0
TCGA-A2-A25D 0.5875043 0.06249635 0 0.1509139 0 0 0 0 0 0 0.113141 0 0
TCGA-A2-A3KD 0.8089447 0.09939459 0 0 0 0 0 0 0 0 0 0.09166071 0
TCGA-A2-A4RW 0.1971233 0.08112271 0.2499708 0.2812703 0 0 0 0 0 0 0.06428979 0 0
TCGA-A2-A4RY 0.6922588 0 0 0 0 0 0 0 0 0 0.120787 0 0.1323212
TCGA-A2-A4S0 0.2332862 0 0 0 0 0 0 0 0 0 0.1938472 0.5461352 0
TCGA-A2-A4S1 0.3345768 0 0 0.241535 0 0 0.1495449 0 0.1615762 0 0 0 0
TCGA-A2-A4S2 0.5364942 0 0 0 0 0 0.0802825 0 0 0.19693 0 0 0.1634988
TCGA-A7-A0CD 0.9983309 0 0 0 0 0 0 0 0 0 0 0 0
TCGA-A7-A0CE 0.5491038 0 0 0.4508962 0 0 0 0 0 0 0 0 0
TCGA-A7-A0CG 1 0 0 0 0 0 0 0 0 0 0 0 0
TCGA-A7-A0CH 0.6307505 0 0 0.1387689 0 0 0 0 0 0 0 0.1200751 0.1104055
TCGA-A7-A0CJ 0.9285936 0 0 0.07140641 0 0 0 0 0 0 0 0 0
TCGA-A7-A0D9 0.6627552 0 0 0 0 0 0.09279299 0 0 0 0 0 0.2444518
TCGA-A7-A0DA 0.362328 0 0 0.6034174 0 0 0 0 0 0 0 0 0
TCGA-A7-A13F 1 0 0 0 0 0 0 0 0 0 0 0 0
TCGA-A7-A13G 0.5635545 0.1522522 0 0.2841933 0 0 0 0 0 0 0 0 0
TCGA-A7-A13H 0.5012859 0 0 0 0 0.3973493 0 0 0 0 0 0.1013647 0
TCGA-A7-A26F 0.8459087 0 0 0 0 0 0.1325272 0 0 0 0 0 0
TCGA-A7-A26H 0.6577512 0.1913439 0.1509049 0 0 0 0 0 0 0 0 0 0
TCGA-A7-A26I 0.4946931 0.1465931 0 0.2881085 0 0 0 0 0 0 0 0 0
TCGA-A7-A3IY 0.8040426 0 0 0.1959574 0 0 0 0 0 0 0 0 0
TCGA-A7-A3IZ 0.5213116 0.1474797 0.07575849 0.2044971 0 0 0 0 0 0 0 0 0
TCGA-A7-A3J0 1 0 0 0 0 0 0 0 0 0 0 0 0
TCGA-A7-A3J1 0.7250937 0 0 0 0.2561231 0 0 0 0 0 0 0 0
TCGA-A7-A3RF 0.3422507 0 0 0 0.2608 0 0.1107105 0 0 0 0.2862388 0 0
TCGA-A7-A425 0.4767681 0 0 0 0.2934631 0.1185878 0.09370343 0 0 0 0 0 0
TCGA-A7-A426 0.6595939 0 0 0 0 0 0.1514039 0 0 0 0.1396178 0 0
TCGA-A7-A4SA 0.3873396 0 0.1719154 0.331766 0 0 0 0 0 0 0 0 0
TCGA-A7-A4SB 0.4848364 0.1804767 0 0.3146335 0 0 0 0 0 0 0 0 0
TCGA-A7-A4SC 0.8630947 0 0 0 0 0 0.08075121 0 0 0 0 0 0
TCGA-A7-A5ZX 0.6649993 0.08235569 0 0 0 0 0 0.09648206 0 0.1561629 0 0 0
TCGA-AC-A23C 0.3821322 0.1589308 0.1040783 0.1789563 0 0 0 0 0 0.07308668 0 0.06491168 0
TCGA-AC-A23E 0.8666477 0 0 0 0 0 0 0 0 0 0.1089402 0 0
TCGA-AC-A23G 0.9208634 0 0 0 0 0 0.07913661 0 0 0 0 0 0
TCGA-AC-A23H 0.1926443 0.3669916 0.4186047 0 0 0 0 0 0 0 0 0 0
TCGA-AC-A2B8 0.3318013 0.3452047 0.2842332 0 0 0 0 0 0 0 0 0 0
TCGA-AC-A2FB 0.1262577 0 0 0.1437048 0.2691622 0.1197981 0.1179372 0 0 0 0 0 0.2231401
TCGA-AC-A2FE 0.1711471 0.1267954 0 0 0 0 0 0 0.2487567 0.2299655 0 0.1696398 0
TCGA-AC-A2FG 0.8070075 0.08372775 0 0.1092648 0 0 0 0 0 0 0 0 0
TCGA-AC-A2FM 0.6143485 0 0 0.2623504 0 0 0 0 0 0 0 0.0734649 0
TCGA-AC-A2FO 0.7352517 0.2647483 0 0 0 0 0 0 0 0 0 0 0
TCGA-AC-A2QH 0.9098116 0 0 0 0 0 0 0 0 0.09018841 0 0 0
TCGA-AC-A2QI 0.6878326 0.2998338 0 0 0 0 0 0 0 0 0 0 0
TCGA-AC-A2QJ 0.6641846 0 0 0 0 0 0.08238467 0 0 0 0 0.2302103 0
TCGA-AC-A3EH 0.9572705 0 0 0 0 0 0 0 0 0 0 0 0
TCGA-AC-A3HN 0.7949833 0 0 0 0 0 0 0 0 0 0 0.1116725 0
TCGA-AC-A3OD 0.2759597 0 0 0 0.3103362 0 0.2488179 0 0 0.1438393 0 0 0
TCGA-AC-A3QP 0.3438199 0 0 0 0 0.2300582 0.1448931 0 0 0 0 0.1814097 0
TCGA-AC-A3TM 0.8598736 0 0 0 0 0 0 0 0 0 0 0.09597578 0
TCGA-AC-A3TN 0.7795083 0 0 0 0 0 0 0 0 0 0 0.1669147 0
TCGA-AC-A3W6 0.5298825 0.1863113 0.1867953 0 0 0 0 0 0 0 0 0.06938443 0
TCGA-AC-A3W7 0.5592071 0.2503978 0 0 0 0 0 0 0 0 0 0.137755 0
TCGA-AC-A3YI 0.3687859 0 0 0.3017891 0 0 0 0 0 0 0 0.2905481 0
TCGA-AC-A3YJ 1 0 0 0 0 0 0 0 0 0 0 0 0
TCGA-AC-A5EI 0.5285663 0.1214214 0 0 0 0.2349769 0 0 0.1150355 0 0 0 0
TCGA-AC-A5XS 0.341106 0.3270717 0.2504772 0 0 0 0 0 0 0 0 0 0
TCGA-AC-A62Y 0.8510434 0.0980462 0 0 0 0 0 0 0 0 0 0 0
TCGA-AN-A03X 0.4715537 0 0 0 0 0.2430925 0.06955755 0 0 0 0.2157963 0 0
TCGA-AN-A03Y 1 0 0 0 0 0 0 0 0 0 0 0 0
TCGA-AN-A041 1 0 0 0 0 0 0 0 0 0 0 0 0
TCGA-AN-A046 0.8323988 0 0 0 0 0 0.1676012 0 0 0 0 0 0
TCGA-AN-A049 1 0 0 0 0 0 0 0 0 0 0 0 0
TCGA-AN-A04A 1 0 0 0 0 0 0 0 0 0 0 0 0
TCGA-AN-A04C 0.958078 0 0 0 0 0 0 0 0 0 0 0 0
TCGA-AN-A04D 0.3514464 0 0 0.5923808 0 0 0 0 0 0 0 0 0
TCGA-AN-A0AJ 0.8279929 0 0.0744515 0 0 0 0 0 0 0.07899768 0 0 0
TCGA-AN-A0AK 0.4673332 0 0 0 0 0 0 0 0.4134475 0.1192193 0 0 0
TCGA-AN-A0AL 0.4044064 0 0.07070249 0.1995483 0 0.2010072 0.0994393 0 0 0 0 0 0
TCGA-AN-A0AM 0.5368875 0 0.088658 0.2057333 0 0 0 0 0 0 0 0 0
TCGA-AN-A0AR 0.2795158 0 0.06180866 0.6260023 0 0 0 0 0 0 0 0 0
TCGA-AN-A0AS 0.9841806 0 0 0 0 0 0 0 0 0 0 0 0
TCGA-AN-A0AT 0.3321283 0 0 0.4518477 0 0 0 0 0 0.120832 0 0 0
TCGA-AN-A0FD 0.3931494 0 0 0.4677608 0 0 0 0 0.1390898 0 0 0 0
TCGA-AN-A0FF 0.5234576 0 0 0 0 0 0 0 0.176025 0 0 0.3005174 0
TCGA-AN-A0FJ 0.7014316 0.1098619 0.1129873 0 0.07571921 0 0 0 0 0 0 0 0
TCGA-AN-A0FK 0.83599 0 0 0 0 0 0 0 0 0.16401 0 0 0
TCGA-AN-A0FL 0.4421367 0 0.1026751 0.2828215 0 0 0.06800947 0 0 0 0 0 0
TCGA-AN-A0FS 0.9851382 0 0 0 0 0 0 0 0 0 0 0 0
TCGA-AN-A0FT 0.8595894 0.07396 0.06645057 0 0 0 0 0 0 0 0 0 0
TCGA-AN-A0FV 0.5526333 0.130975 0.1425357 0 0 0.1455691 0 0 0 0 0 0 0
TCGA-AN-A0FW 0.2915198 0 0 0.309495 0 0.2192726 0.1009893 0 0 0 0 0 0
TCGA-AN-A0FX 0.7057328 0 0 0.2718792 0 0 0 0 0 0 0 0 0
TCGA-AN-A0FY 1 0 0 0 0 0 0 0 0 0 0 0 0
TCGA-AN-A0FZ 1 0 0 0 0 0 0 0 0 0 0 0 0
TCGA-AN-A0G0 1 0 0 0 0 0 0 0 0 0 0 0 0
TCGA-AN-A0XL 0.6763021 0.0681368 0 0 0 0 0.08965863 0 0 0 0.1659024 0 0
TCGA-AN-A0XN 0.2169816 0 0 0.5147652 0 0 0 0 0 0.132593 0 0.06924179 0
TCGA-AN-A0XO 0.528293 0.2080752 0 0 0 0 0 0 0 0 0 0.1357498 0.1278821
TCGA-AN-A0XP 0.3208366 0 0 0.1884965 0 0 0 0 0.1678286 0.255558 0 0.06728041 0
TCGA-AN-A0XR 0.8858346 0.06533097 0 0 0 0 0 0 0 0 0 0 0
TCGA-AN-A0XS 1 0 0 0 0 0 0 0 0 0 0 0 0
TCGA-AN-A0XT 0.9314529 0 0 0 0 0 0 0 0 0 0 0.06017386 0
TCGA-AN-A0XU 0.5154519 0 0.06517854 0.2024896 0.21688 0 0 0 0 0 0 0 0
TCGA-AN-A0XV 0.5768111 0 0 0 0.1270066 0 0 0 0 0.2625242 0 0 0
TCGA-AN-A0XW 0.1744203 0.3182332 0.4841994 0 0 0 0 0 0 0 0 0 0
TCGA-AO-A03M 0.2056432 0.3500268 0.4126228 0 0 0 0 0 0 0 0 0 0
TCGA-AO-A03N 0.617012 0.1664951 0.2031163 0 0 0 0 0 0 0 0 0 0
TCGA-AO-A03R 0.9705497 0 0 0 0 0 0 0 0 0 0 0 0
TCGA-AO-A03T 0.209481 0 0.09239379 0.2557156 0.07061519 0.3234923 0 0 0 0 0 0 0
TCGA-AO-A03V 0.7896079 0.09122678 0 0 0.1068329 0 0 0 0 0 0 0 0
TCGA-AO-A0J2 0.3584741 0 0 0.3483125 0 0 0 0 0.1894159 0 0 0 0
TCGA-AO-A0J3 0.5660349 0.1178839 0 0 0 0 0.07243233 0 0 0.2436489 0 0 0
TCGA-AO-A0J5 0.7466873 0 0 0 0 0 0 0 0 0 0.130095 0 0.09203242
TCGA-AO-A0J6 0.2019762 0 0.06807355 0.5531374 0 0 0 0 0 0.1691428 0 0 0
TCGA-AO-A0J7 0.2301136 0.09494999 0 0 0 0 0 0 0 0.6749364 0 0 0
TCGA-AO-A0J8 0.6907822 0 0 0 0 0 0 0 0 0 0.1081434 0 0.1696
TCGA-AO-A0J9 0.4663028 0.4735885 0.06010862 0 0 0 0 0 0 0 0 0 0
TCGA-AO-A0JB 0.3685845 0.0620584 0 0.1676552 0.2278604 0 0 0 0 0 0 0.08321211 0
TCGA-AO-A0JD 0.6049756 0 0 0.3720869 0 0 0 0 0 0 0 0 0
TCGA-AO-A0JF 0 0.07831561 0 0.06746538 0 0.3141076 0 0 0 0 0.1239059 0 0.4162055
TCGA-AO-A0JL 0.5305138 0 0 0 0 0.2291201 0 0 0 0.1367699 0 0 0
TCGA-AO-A124 0.4441438 0 0 0.4267455 0 0 0.103965 0 0 0 0 0 0
TCGA-AO-A128 0.8106322 0 0 0 0 0 0 0 0.1787841 0 0 0 0
TCGA-AO-A129 0.6568715 0 0.1146994 0 0.2106398 0 0 0 0 0 0 0 0
TCGA-AO-A12D 0.6824396 0.236437 0.08112333 0 0 0 0 0 0 0 0 0 0
TCGA-AO-A12E 0.9720275 0 0 0 0 0 0 0 0 0 0 0 0
TCGA-AO-A12F 0.8102763 0 0 0 0 0 0 0 0 0.1897237 0 0 0
TCGA-AO-A12G 0.6555657 0.09017919 0 0 0 0 0 0 0 0 0 0.2542551 0
TCGA-AO-A1KO 0 0 0 0 0 0 0.1560483 0 0 0 0 0.4040038 0.352628
TCGA-AO-A1KP 1 0 0 0 0 0 0 0 0 0 0 0 0
TCGA-AO-A1KR 0.4050983 0 0.06943465 0.1823773 0 0.3128575 0 0 0 0 0 0 0
TCGA-AO-A1KS 0.7684301 0.2315699 0 0 0 0 0 0 0 0 0 0 0
TCGA-AO-A1KT 0.721578 0 0 0 0 0 0 0 0.1631558 0 0 0.1152663 0
TCGA-AQ-A04H 1 0 0 0 0 0 0 0 0 0 0 0 0
TCGA-AQ-A04J 0.3181928 0 0 0.4418765 0 0 0.1111626 0 0 0 0 0 0
TCGA-AQ-A04L 1 0 0 0 0 0 0 0 0 0 0 0 0
TCGA-AQ-A0Y5 0.9486554 0 0 0 0 0 0 0 0 0 0 0 0
TCGA-AQ-A1H2 0.7535633 0.06521764 0 0 0 0 0 0.07618124 0 0.08546167 0 0 0
TCGA-AQ-A1H3 1 0 0 0 0 0 0 0 0 0 0 0 0
TCGA-AR-A0TS 0 0.08270896 0.08852168 0.2121073 0.08807562 0 0 0 0.5285864 0 0 0 0
TCGA-AR-A0TY 0.5176627 0 0 0.1295206 0 0 0.2072547 0 0.09512928 0 0 0 0
TCGA-AR-A0U0 0.1858828 0 0.1262509 0.08009193 0 0 0 0 0 0.4751325 0 0 0
TCGA-AR-A0U1 0 0 0 0.6900552 0 0 0 0 0 0.1770755 0 0.08477047 0
TCGA-AR-A0U2 0.4284199 0 0 0 0 0 0 0 0 0.5130569 0 0 0
TCGA-AR-A0U3 0.9500462 0 0 0 0 0 0 0 0 0 0 0 0
TCGA-AR-A1AH 0.3746959 0 0 0 0.196116 0 0.08682174 0 0 0.3423663 0 0 0
TCGA-AR-A1AI 0.5009216 0 0.1384666 0.2403654 0 0 0 0 0 0 0 0 0.09300331
TCGA-AR-A1AJ 1 0 0 0 0 0 0 0 0 0 0 0 0
TCGA-AR-A1AK 0.7101051 0.1744438 0.08906188 0 0 0 0 0 0 0 0 0 0
TCGA-AR-A1AL 0.9444208 0 0 0 0 0 0 0 0 0 0 0 0
TCGA-AR-A1AM 0.8819412 0 0 0 0.06934374 0 0 0 0 0 0 0 0
TCGA-AR-A1AN 0.9828252 0 0 0 0 0 0 0 0 0 0 0 0
TCGA-AR-A1AP 0.6687324 0 0 0 0 0 0 0 0.06397578 0.2108088 0 0 0
TCGA-AR-A1AQ 0.3677848 0 0 0 0 0 0 0 0.591742 0 0 0 0
TCGA-AR-A1AR 0.3243158 0 0 0 0.2515709 0 0 0 0 0.3917112 0 0 0
TCGA-AR-A1AT 0.2486373 0 0 0.2117405 0 0 0 0 0.5396222 0 0 0 0
TCGA-AR-A1AU 1 0 0 0 0 0 0 0 0 0 0 0 0
TCGA-AR-A1AW 0.6487601 0 0 0 0 0 0 0 0 0.2804284 0 0 0
TCGA-AR-A1AY 0.7176311 0.1022707 0 0.1244341 0 0 0 0 0 0 0 0 0
TCGA-AR-A24H 0.5252413 0 0.07363464 0.3596404 0 0 0 0 0 0 0 0 0
TCGA-AR-A24K 0.9774736 0 0 0 0 0 0 0 0 0 0 0 0
TCGA-AR-A24L 0.1250218 0 0.07239642 0.6322003 0 0 0 0 0 0.09221342 0 0 0.07816806
TCGA-AR-A24M 0.8159339 0 0 0 0 0 0 0 0 0.1840661 0 0 0
TCGA-AR-A24N 1 0 0 0 0 0 0 0 0 0 0 0 0
TCGA-AR-A24O 1 0 0 0 0 0 0 0 0 0 0 0 0
TCGA-AR-A24P 0.6766997 0 0 0 0 0 0 0 0 0.3233003 0 0 0
TCGA-AR-A24Q 0.2900997 0.07949737 0 0.5176791 0 0 0 0 0 0 0 0 0
TCGA-AR-A24R 0.6042277 0 0 0 0 0 0 0 0.3957723 0 0 0 0
TCGA-AR-A24S 0.7061647 0.07373822 0 0 0 0 0 0 0 0 0 0.1702547 0
TCGA-AR-A24T 1 0 0 0 0 0 0 0 0 0 0 0 0
TCGA-AR-A24U 0 0 0.3003793 0 0 0 0 0 0.5525019 0.1471188 0 0 0
TCGA-AR-A24V 0.7212859 0 0 0 0 0 0 0 0.2243626 0 0 0 0
TCGA-AR-A24X 0.7531727 0 0 0 0 0 0.1214255 0 0 0 0 0.09247906 0
TCGA-AR-A24Z 0.1289135 0 0 0.3593412 0 0 0.1160465 0 0.3932777 0 0 0 0
TCGA-AR-A250 0.7163987 0.08105668 0.1501428 0 0 0 0 0 0 0 0 0 0
TCGA-AR-A251 0.2496438 0 0.06448954 0.6239887 0 0 0 0 0 0 0 0 0
TCGA-AR-A254 0.9639445 0 0 0 0 0 0 0 0 0 0 0 0
TCGA-AR-A255 0.6155204 0.08248361 0 0 0 0 0.2063375 0 0 0 0 0 0
TCGA-AR-A256 0.285801 0 0 0.5918342 0 0 0 0 0 0 0 0 0
TCGA-AR-A2LE 0.3647993 0.4247712 0.2055604 0 0 0 0 0 0 0 0 0 0
TCGA-AR-A2LH 0.6066451 0.2464529 0.1235294 0 0 0 0 0 0 0 0 0 0
TCGA-AR-A2LJ 0.3183304 0 0 0 0 0 0 0 0.6175838 0 0 0 0
TCGA-AR-A2LK 1 0 0 0 0 0 0 0 0 0 0 0 0
TCGA-AR-A2LL 1 0 0 0 0 0 0 0 0 0 0 0 0
TCGA-AR-A2LN 0.6225272 0.2818165 0 0 0 0 0 0 0 0 0 0 0.07259006
TCGA-AR-A2LR 0.7453154 0 0 0 0 0 0 0 0 0.1943687 0 0 0
TCGA-AR-A5QM 0.7665485 0 0 0 0 0 0 0 0.2193119 0 0 0 0
TCGA-AR-A5QN 0.5259075 0 0 0 0 0 0 0 0 0.4740924 0 0 0
TCGA-AR-A5QP 0.9207051 0.0792949 0 0 0 0 0 0 0 0 0 0 0
TCGA-AR-A5QQ 0.07962411 0.07364907 0 0.3712228 0 0.06423045 0.09698059 0 0.2000652 0 0 0.08049066 0
TCGA-B6-A0I2 0.8281605 0 0.1718395 0 0 0 0 0 0 0 0 0 0
TCGA-B6-A0I5 0 0 0 0 0 0 0 0 0 0.9481414 0 0 0
TCGA-B6-A0I8 0.4482238 0 0 0.470904 0 0 0 0 0 0 0 0 0
TCGA-B6-A0I9 1 0 0 0 0 0 0 0 0 0 0 0 0
TCGA-B6-A0IA 0.5387198 0.09377935 0 0 0 0 0 0 0 0 0.1319627 0 0.2355382
TCGA-B6-A0IB 0.6565604 0 0 0 0 0 0 0 0 0.2457868 0 0 0
TCGA-B6-A0IC 0.5691685 0 0 0 0 0 0.1223267 0 0 0 0.1989405 0 0
TCGA-B6-A0IG 1 0 0 0 0 0 0 0 0 0 0 0 0
TCGA-B6-A0IH 0.6090704 0 0 0 0 0 0 0 0 0.3909296 0 0 0
TCGA-B6-A0IK 0.5204086 0.3259992 0.1535921 0 0 0 0 0 0 0 0 0 0
TCGA-B6-A0IN 0.8063391 0 0 0 0 0 0 0 0 0.1451268 0 0 0
TCGA-B6-A0IO 0.6980417 0.141209 0 0 0 0 0 0 0 0.1345608 0 0 0
TCGA-B6-A0IP 0.6678134 0 0 0 0 0 0 0 0.3120435 0 0 0 0
TCGA-B6-A0IQ 0.7035021 0.07321356 0 0.1418354 0 0 0 0 0 0 0 0 0
TCGA-B6-A0RG 0.346164 0 0.1081893 0.3203143 0 0.1793088 0 0 0 0 0 0 0
TCGA-B6-A0RN 1 0 0 0 0 0 0 0 0 0 0 0 0
TCGA-B6-A0RO 0.470941 0 0 0.08471509 0 0 0 0 0 0 0.2102782 0 0.2340657
TCGA-B6-A0RP 0 0 0 0 0.1203858 0.331419 0.07930194 0 0.3068288 0 0 0 0.1021186
TCGA-B6-A0RQ 1 0 0 0 0 0 0 0 0 0 0 0 0
TCGA-B6-A0RU 0.5720146 0.06637345 0 0.1268555 0 0 0 0 0 0 0 0.1383814 0
TCGA-B6-A0RV 0.5097638 0.2451118 0.2451244 0 0 0 0 0 0 0 0 0 0
TCGA-B6-A0WT 0.4049416 0 0 0 0 0 0 0 0.5626603 0 0 0 0
TCGA-B6-A0WV 0.3697829 0 0 0 0 0.4493545 0 0 0 0.1335159 0 0 0
TCGA-B6-A0X0 0.6828384 0 0 0 0.2692398 0 0 0 0 0 0 0 0
TCGA-B6-A0X1 0.5009918 0 0 0.3446908 0 0.06252494 0 0 0 0 0 0 0
TCGA-B6-A0X4 0.9509468 0 0 0 0 0 0 0 0 0 0 0 0
TCGA-B6-A0X7 1 0 0 0 0 0 0 0 0 0 0 0 0
TCGA-B6-A1KC 0.936133 0 0 0 0 0 0.06386697 0 0 0 0 0 0
TCGA-B6-A1KF 0.4874285 0 0 0 0.0601758 0 0 0 0 0.347958 0 0 0
TCGA-B6-A1KI 0.7337109 0 0 0.2484703 0 0 0 0 0 0 0 0 0
TCGA-B6-A1KN 0.5889319 0 0 0 0 0 0.1738532 0 0.1584818 0 0 0 0
TCGA-B6-A2IU 0.6621605 0 0 0 0 0 0 0 0 0.2503874 0 0 0.08745217
TCGA-B6-A40B 0.4467301 0.1213791 0 0.1671588 0 0 0 0 0 0.1630864 0 0 0
TCGA-B6-A40C 1 0 0 0 0 0 0 0 0 0 0 0 0
TCGA-BH-A0AU 0.4468407 0 0 0 0 0 0 0 0 0.5111966 0 0 0
TCGA-BH-A0AW 0.5456993 0.2002322 0.1236916 0.1055051 0 0 0 0 0 0 0 0 0
TCGA-BH-A0AY 0.930417 0 0 0 0 0 0 0 0 0 0 0 0
TCGA-BH-A0AZ 0.1448334 0.1378987 0 0.4902735 0 0 0 0 0 0 0.09121729 0 0
TCGA-BH-A0B1 0.7495286 0 0 0 0 0 0.09399694 0 0 0.1519058 0 0 0
TCGA-BH-A0B3 0.3136605 0.07422005 0 0 0.1951367 0 0 0 0.1818878 0.2082288 0 0 0
TCGA-BH-A0B5 0.4704385 0.2912425 0.238319 0 0 0 0 0 0 0 0 0 0
TCGA-BH-A0B6 0.2427956 0.4119709 0.3010852 0 0 0 0 0 0 0 0 0 0
TCGA-BH-A0B7 0.3433789 0 0 0.1441793 0 0 0 0.1160339 0.3964078 0 0 0 0
TCGA-BH-A0B8 0.7211168 0.0954184 0 0 0.0831369 0 0 0 0 0.1003279 0 0 0
TCGA-BH-A0B9 0.7523566 0 0.099325 0 0 0 0 0 0 0.137943 0 0 0
TCGA-BH-A0BA 0.5943783 0 0 0 0 0 0 0 0 0.3039488 0 0.1016729 0
TCGA-BH-A0BC 0.5657007 0.06993687 0 0 0.08411498 0 0 0 0.1430928 0.1371546 0 0 0
TCGA-BH-A0BD 0.6556729 0 0 0 0 0.312963 0 0 0 0 0 0 0
TCGA-BH-A0BF 0.8502616 0 0 0.1497384 0 0 0 0 0 0 0 0 0
TCGA-BH-A0BG 0.2718633 0 0 0.3382623 0 0 0.07334475 0 0 0.07419294 0 0.1100371 0.1322995
TCGA-BH-A0BJ 0 0 0 0 0 0.2813531 0.1556278 0 0 0 0 0.495921 0
TCGA-BH-A0BL 0.813124 0 0 0 0.1761138 0 0 0 0 0 0 0 0
TCGA-BH-A0BM 0.1808422 0 0 0.2484081 0 0 0.07727605 0 0.3881859 0.1052878 0 0 0
TCGA-BH-A0BO 0.809837 0 0.1303324 0 0 0 0 0 0 0 0 0 0
TCGA-BH-A0BP 0.7365612 0.09509506 0.065808 0 0.08329164 0 0 0 0 0 0 0 0
TCGA-BH-A0BQ 1 0 0 0 0 0 0 0 0 0 0 0 0
TCGA-BH-A0BR 0.8378127 0.1621873 0 0 0 0 0 0 0 0 0 0 0
TCGA-BH-A0BT 0.4093409 0.08128811 0 0 0 0 0 0 0 0.509371 0 0 0
TCGA-BH-A0BV 0.2060029 0.181713 0 0 0 0.08078276 0 0 0.1184309 0.2682438 0 0 0.1448267
TCGA-BH-A0BZ 0.2892617 0 0 0.5596499 0 0 0 0 0 0 0 0 0
TCGA-BH-A0C0 0.1637275 0 0 0.3289453 0.2213429 0.09105329 0 0 0.1271933 0 0 0 0
TCGA-BH-A0C1 0.6674311 0 0 0 0 0 0 0 0 0.301697 0 0 0
TCGA-BH-A0C7 0.8228133 0 0 0 0 0 0.1027104 0 0 0 0 0 0
TCGA-BH-A0DE 1 0 0 0 0 0 0 0 0 0 0 0 0
TCGA-BH-A0DH 0.4278037 0 0 0 0 0 0 0 0 0.1412046 0 0 0.3882145
TCGA-BH-A0DI 0.9218814 0 0 0 0 0 0 0 0 0 0 0 0
TCGA-BH-A0DK 0.7386797 0 0 0.1818763 0 0 0 0 0 0 0 0 0
TCGA-BH-A0DL 0.2981913 0 0 0 0 0 0.06660974 0.1129929 0.2643762 0.233765 0 0 0
TCGA-BH-A0DO 0.563094 0 0 0 0 0 0 0 0 0.2251438 0 0 0.1729543
TCGA-BH-A0DP 0.5775301 0.0901911 0 0.2008615 0 0 0 0 0 0 0.1314172 0 0
TCGA-BH-A0DQ 0.2012607 0 0 0 0 0 0 0 0.4509204 0 0 0.2094774 0.1383416
TCGA-BH-A0DS 1 0 0 0 0 0 0 0 0 0 0 0 0
TCGA-BH-A0DX 0.6859427 0.2723619 0 0 0 0 0 0 0 0 0 0 0
TCGA-BH-A0DZ 0.3105041 0.3557664 0.3337295 0 0 0 0 0 0 0 0 0 0
TCGA-BH-A0E0 1 0 0 0 0 0 0 0 0 0 0 0 0
TCGA-BH-A0E1 0.8390784 0.09129042 0.06963123 0 0 0 0 0 0 0 0 0 0
TCGA-BH-A0E6 0.9371239 0 0 0 0 0 0 0 0 0 0 0 0
TCGA-BH-A0E7 0.8833655 0 0 0 0 0 0 0 0 0.1166345 0 0 0
TCGA-BH-A0EA 0.5880875 0 0 0 0 0 0 0 0 0.4119125 0 0 0
TCGA-BH-A0EB 0.5891909 0 0.06743833 0 0 0 0 0 0.09747735 0 0.2458934 0 0
TCGA-BH-A0EE 0.7342637 0.1926465 0.06081185 0 0 0 0 0 0 0 0 0 0
TCGA-BH-A0EI 0.9459094 0 0 0 0 0 0 0 0 0 0 0 0
TCGA-BH-A0GY 0.5618468 0 0 0 0 0 0 0 0.1252192 0.3129341 0 0 0
TCGA-BH-A0GZ 0.4405583 0.0681933 0 0.3750307 0 0.1162177 0 0 0 0 0 0 0
TCGA-BH-A0H0 0.2139813 0.09690006 0 0 0 0 0.09124205 0 0.231559 0.1407345 0 0.1693421 0
TCGA-BH-A0H6 0.7444937 0 0 0 0 0 0 0 0 0.2555063 0 0 0
TCGA-BH-A0H7 0.7664262 0 0 0 0 0 0 0 0 0.228652 0 0 0
TCGA-BH-A0H9 0.4700889 0 0 0 0 0 0 0 0 0 0 0.2245733 0.2254832
TCGA-BH-A0HA 0.9788329 0 0 0 0 0 0 0 0 0 0 0 0
TCGA-BH-A0HB 0.9685564 0 0 0 0 0 0 0 0 0 0 0 0
TCGA-BH-A0HF 0 0 0 0 0 0 0 0 0.2818204 0 0 0 0.6405574
TCGA-BH-A0HI 0.7621625 0.135138 0 0 0 0 0 0 0 0 0 0.1026995 0
TCGA-BH-A0HK 0.6338495 0.3128667 0 0 0 0 0 0 0 0 0 0 0
TCGA-BH-A0HL 1 0 0 0 0 0 0 0 0 0 0 0 0
TCGA-BH-A0HN 0.876158 0.1169941 0 0 0 0 0 0 0 0 0 0 0
TCGA-BH-A0HO 0.1862258 0.07207816 0 0 0 0 0 0.07201977 0 0.5907436 0 0 0
TCGA-BH-A0HP 0.3064097 0.3678392 0.3058146 0 0 0 0 0 0 0 0 0 0
TCGA-BH-A0HQ 0.5505974 0.1524239 0 0 0 0 0 0 0.07331297 0 0 0.07646026 0.1472055
TCGA-BH-A0HU 0.7315425 0 0 0.1799667 0 0 0.08849079 0 0 0 0 0 0
TCGA-BH-A0HX 0.3045236 0 0.08624616 0.322121 0 0 0 0 0 0 0.07876628 0 0.1611407
TCGA-BH-A0HY 0.6702454 0 0 0 0 0.1548364 0 0 0 0 0 0 0
TCGA-BH-A0RX 0.9656476 0 0 0 0 0 0 0 0 0 0 0 0
TCGA-BH-A0W3 0.698895 0 0 0.2427334 0 0 0 0 0 0 0 0 0
TCGA-BH-A0W4 0.6470118 0.1348289 0 0 0 0 0 0 0 0 0 0.2181593 0
TCGA-BH-A0W5 0.7917497 0 0 0 0 0 0 0 0 0 0 0.1543117 0
TCGA-BH-A0W7 0.2621448 0.3388663 0.3882534 0 0 0 0 0 0 0 0 0 0
TCGA-BH-A0WA 0.4624363 0.1083502 0 0.4292134 0 0 0 0 0 0 0 0 0
TCGA-BH-A18F 0.9224442 0.07755579 0 0 0 0 0 0 0 0 0 0 0
TCGA-BH-A18G 0.5110645 0 0 0 0 0 0 0 0.1629671 0.2753884 0 0 0
TCGA-BH-A18H 0 0.1813289 0.1148747 0 0 0 0 0 0.1692399 0 0.06918787 0.1617701 0.25556
TCGA-BH-A18I 0.9666129 0 0 0 0 0 0 0 0 0 0 0 0
TCGA-BH-A18J 0 0.4372501 0.1706011 0 0 0 0.1128322 0 0.2213114 0 0 0 0
TCGA-BH-A18K 0.2859124 0.1109467 0.1048128 0 0 0.3216019 0 0 0 0 0 0.1767262 0
TCGA-BH-A18L 1 0 0 0 0 0 0 0 0 0 0 0 0
TCGA-BH-A18N 0.6131367 0 0 0 0 0 0 0 0 0.1415916 0 0.2452717 0
TCGA-BH-A18P 0.3824957 0.3502611 0.2672432 0 0 0 0 0 0 0 0 0 0
TCGA-BH-A18Q 0.4573287 0 0 0.2286298 0.06754832 0.1884899 0 0 0 0 0 0 0
TCGA-BH-A18R 0 0 0 0.6569141 0 0 0 0 0.2170745 0 0 0 0
TCGA-BH-A18S 0.6037067 0 0 0.1674495 0 0 0 0 0 0.2288437 0 0 0
TCGA-BH-A18T 0.3446064 0 0 0.5356296 0 0 0 0 0.08026542 0 0 0 0
TCGA-BH-A18U 0.5413059 0.144674 0.1045387 0 0 0 0 0 0.2094814 0 0 0 0
TCGA-BH-A1EN 0.6998197 0 0 0 0 0 0 0 0 0.2179013 0 0 0
TCGA-BH-A1EO 1 0 0 0 0 0 0 0 0 0 0 0 0
TCGA-BH-A1ET 1 0 0 0 0 0 0 0 0 0 0 0 0
TCGA-BH-A1EV 0.5048404 0.2508623 0.1746719 0.06962542 0 0 0 0 0 0 0 0 0
TCGA-BH-A1EX 0.7951589 0 0 0 0 0 0 0 0.08823287 0 0 0.1166083 0
TCGA-BH-A1EY 0.8535605 0 0.1033925 0 0 0 0 0 0 0 0 0 0
TCGA-BH-A1F0 0.2962526 0 0.1413925 0 0 0.1839266 0.09346365 0 0 0.1267552 0 0 0.1012692
TCGA-BH-A1F2 0.5352259 0.105986 0 0 0 0 0.07605331 0 0.2401451 0 0 0 0
TCGA-BH-A1F5 0.8205167 0.07080547 0 0 0.06251892 0 0 0 0 0 0 0 0
TCGA-BH-A1F6 1 0 0 0 0 0 0 0 0 0 0 0 0
TCGA-BH-A1F8 0.5807651 0.2871848 0.124556 0 0 0 0 0 0 0 0 0 0
TCGA-BH-A1FD 0.6990101 0 0 0 0 0 0 0 0.0726255 0.2283644 0 0 0
TCGA-BH-A1FG 0.6428685 0 0 0 0 0 0 0 0.3571315 0 0 0 0
TCGA-BH-A1FJ 1 0 0 0 0 0 0 0 0 0 0 0 0
TCGA-BH-A1FL 1 0 0 0 0 0 0 0 0 0 0 0 0
TCGA-BH-A1FM 0.7229117 0 0.1455179 0 0 0 0 0 0 0.1025405 0 0 0
TCGA-BH-A1FN 0.161095 0 0.3827504 0 0.1215125 0 0 0 0 0 0 0 0.3346421
TCGA-BH-A1FU 0.6628883 0 0 0 0 0 0 0.08058132 0 0.2565304 0 0 0
TCGA-BH-A201 0.2553674 0.1097942 0 0 0 0 0.08606606 0 0 0 0.1588482 0.3899241 0
TCGA-BH-A202 0.8623468 0 0 0.0600274 0 0 0.07762585 0 0 0 0 0 0
TCGA-BH-A203 0.9819925 0 0 0 0 0 0 0 0 0 0 0 0
TCGA-BH-A204 0.9979267 0 0 0 0 0 0 0 0 0 0 0 0
TCGA-BH-A208 0.565169 0.1634532 0.1986749 0 0 0 0 0 0 0 0 0.07270292 0
TCGA-BH-A28O 0.4771679 0.1200091 0.225066 0 0 0 0.06989022 0 0 0 0 0.1078669 0
TCGA-BH-A28Q 0.8176443 0 0 0 0 0 0 0 0 0.1673413 0 0 0
TCGA-BH-A2L8 0.2082384 0.4466291 0.3451325 0 0 0 0 0 0 0 0 0 0
TCGA-C8-A133 0.4876442 0 0 0.08452353 0 0 0.1762255 0.06505702 0 0 0 0 0.1865498
TCGA-D8-A13Y 0.7297657 0.1101302 0.09136489 0 0 0 0 0 0 0 0 0 0
TCGA-D8-A13Z 0.5088893 0 0.06474055 0.1503658 0 0 0 0 0.244243 0 0 0 0
TCGA-D8-A140 0.7820564 0.06576895 0 0 0 0 0 0 0 0.1521747 0 0 0
TCGA-D8-A141 0.4293506 0 0 0.2880098 0 0 0.06413906 0 0.2185005 0 0 0 0
TCGA-D8-A142 0.9777767 0 0 0 0 0 0 0 0 0 0 0 0
TCGA-D8-A143 0.8289141 0 0 0 0.1550577 0 0 0 0 0 0 0 0
TCGA-D8-A145 0.8413126 0 0 0.1586874 0 0 0 0 0 0 0 0 0
TCGA-D8-A146 0.8241013 0.06983666 0 0 0 0 0 0 0 0.106062 0 0 0
TCGA-D8-A147 0.256496 0 0.1223924 0.5274779 0 0 0 0 0 0 0 0 0
TCGA-D8-A1J8 0.6032035 0.2099998 0.1867967 0 0 0 0 0 0 0 0 0 0
TCGA-D8-A1J9 0.2811842 0.3482677 0.2743956 0 0 0 0.09615245 0 0 0 0 0 0
TCGA-D8-A1JA 0.2796485 0.2367592 0.4835923 0 0 0 0 0 0 0 0 0 0
TCGA-D8-A1JB 0.3132772 0 0 0 0.1450319 0.07087662 0.09487852 0.1210259 0 0 0 0 0.2167538
TCGA-D8-A1JC 0.7896735 0.1235121 0.08681435 0 0 0 0 0 0 0 0 0 0
TCGA-D8-A1JD 0.256236 0.09375137 0 0.2864589 0.1490632 0 0 0 0 0.1460007 0 0 0
TCGA-D8-A1JE 1 0 0 0 0 0 0 0 0 0 0 0 0
TCGA-D8-A1JF 0.7737102 0 0 0 0 0 0 0 0 0.1741568 0 0 0
TCGA-D8-A1JG 0.8827189 0 0 0 0 0 0.08412178 0 0 0 0 0 0
TCGA-D8-A1JH 0.16058 0 0 0 0 0.2766326 0 0 0.269139 0.1922287 0 0.1014197 0
TCGA-D8-A1JI 0.5965927 0 0 0 0 0.2484407 0 0 0 0 0 0 0
TCGA-D8-A1JJ 0.6692274 0.1762548 0 0 0 0 0 0 0.1045681 0 0 0 0
TCGA-D8-A1JK 0.2258657 0.07429683 0 0.1684968 0 0.4387911 0 0 0 0 0 0 0
TCGA-D8-A1JL 0.4490332 0 0 0.220539 0.09825613 0 0 0 0 0 0 0.08720163 0
TCGA-D8-A1JM 0.910612 0 0 0.07515499 0 0 0 0 0 0 0 0 0
TCGA-D8-A1JN 0.5056729 0.3796342 0.1057321 0 0 0 0 0 0 0 0 0 0
TCGA-D8-A1JP 0 0 0 0.4673075 0.2444729 0 0 0 0 0.1234416 0 0.07396188 0
TCGA-D8-A1JS 1 0 0 0 0 0 0 0 0 0 0 0 0
TCGA-D8-A1JT 0.5344738 0 0 0.1282162 0 0 0 0 0 0.33731 0 0 0
TCGA-D8-A1X5 0.8975626 0 0 0 0 0 0.1021982 0 0 0 0 0 0
TCGA-D8-A1X6 0.4833264 0 0 0.07562891 0 0 0 0 0.4174568 0 0 0 0
TCGA-D8-A1X7 1 0 0 0 0 0 0 0 0 0 0 0 0
TCGA-D8-A1X8 0.9442248 0 0 0 0 0 0 0 0 0 0 0 0
TCGA-D8-A1X9 0.3526495 0 0 0 0.3922542 0 0.08865495 0 0 0 0.1082895 0 0
TCGA-D8-A1XA 0.9725341 0 0 0 0 0 0 0 0 0 0 0 0
TCGA-D8-A1XB 0.8605556 0 0 0.08681427 0 0 0 0 0 0 0 0 0
TCGA-D8-A1XC 0.2242171 0 0 0 0 0.2517637 0 0 0.4728769 0 0 0 0
TCGA-D8-A1XF 0.8908844 0 0 0 0 0 0 0 0 0.1091156 0 0 0
TCGA-D8-A1XG 0.7566513 0 0 0 0 0 0 0 0 0 0.2302212 0 0
TCGA-D8-A1XJ 0.896733 0.103267 0 0 0 0 0 0 0 0 0 0 0
TCGA-D8-A1XK 0.1980682 0 0 0 0 0 0 0 0 0 0 0.8019318 0
TCGA-D8-A1XL 0.576039 0 0 0.3719959 0 0 0 0 0 0 0 0 0
TCGA-D8-A1XM 0.8722415 0.1277585 0 0 0 0 0 0 0 0 0 0 0
TCGA-D8-A1XO 0.7021126 0.2978874 0 0 0 0 0 0 0 0 0 0 0
TCGA-D8-A1XQ 0.6795542 0 0 0 0 0 0 0 0 0 0 0.2545898 0
TCGA-D8-A1XR 0.3105008 0 0 0 0 0 0 0 0.1871239 0.5023754 0 0 0
TCGA-D8-A1XT 0.5910631 0 0 0.1375154 0 0 0 0 0.2047076 0 0 0 0
TCGA-D8-A1XU 1 0 0 0 0 0 0 0 0 0 0 0 0
TCGA-D8-A1XV 1 0 0 0 0 0 0 0 0 0 0 0 0
TCGA-D8-A1XW 0.5602744 0 0 0.3644554 0 0 0 0 0 0 0 0 0
TCGA-D8-A1XY 0.9340453 0.06595469 0 0 0 0 0 0 0 0 0 0 0
TCGA-D8-A1XZ 0.9669515 0 0 0 0 0 0 0 0 0 0 0 0
TCGA-D8-A1Y0 0.688682 0 0.1092654 0 0.1661622 0 0 0 0 0 0 0 0
TCGA-D8-A1Y1 1 0 0 0 0 0 0 0 0 0 0 0 0
TCGA-D8-A1Y2 0.7534942 0.2465058 0 0 0 0 0 0 0 0 0 0 0
TCGA-D8-A1Y3 1 0 0 0 0 0 0 0 0 0 0 0 0
TCGA-D8-A27F 0.3229656 0 0.06918917 0.5318252 0 0 0 0 0 0 0 0 0
TCGA-D8-A27G 0.2279404 0.4350302 0.2579673 0.07906209 0 0 0 0 0 0 0 0 0
TCGA-D8-A27H 0.4742599 0 0.1395991 0.3663863 0 0 0 0 0 0 0 0 0
TCGA-D8-A27I 0.9703599 0 0 0 0 0 0 0 0 0 0 0 0
TCGA-D8-A27K 1 0 0 0 0 0 0 0 0 0 0 0 0
TCGA-D8-A27L 0.9234124 0.07658758 0 0 0 0 0 0 0 0 0 0 0
TCGA-D8-A27M 0.7247872 0 0 0.1461536 0 0 0 0 0 0.06927885 0 0 0
TCGA-D8-A27N 1 0 0 0 0 0 0 0 0 0 0 0 0
TCGA-D8-A27P 0.4919186 0 0 0 0 0 0 0 0 0.5080814 0 0 0
TCGA-D8-A27R 0.7393957 0 0 0.1822818 0 0 0 0 0 0 0 0 0
TCGA-D8-A27T 0.5157541 0.070829 0 0 0 0 0 0 0.4134169 0 0 0 0
TCGA-D8-A27V 0.3634127 0.2544781 0.2906894 0 0 0 0 0 0 0 0 0 0.07465434
TCGA-D8-A27W 0.9794639 0 0 0 0 0 0 0 0 0 0 0 0
TCGA-D8-A3Z5 0.2020713 0 0 0.2990196 0 0 0 0 0 0.4989091 0 0 0
TCGA-D8-A3Z6 0.2776719 0 0 0 0.1434874 0.2270846 0 0 0.1974252 0 0 0 0
TCGA-D8-A4Z1 0.4160281 0.4019611 0 0 0 0 0 0 0 0 0.1820107 0 0
TCGA-E2-A105 0.6495521 0 0 0 0 0 0 0 0.1878514 0 0 0.120861 0
TCGA-E2-A107 0.7970913 0.09001134 0 0 0 0 0 0 0 0.09553502 0 0 0
TCGA-E2-A108 0.3666231 0.1909189 0.2772217 0.1245653 0 0 0 0 0 0 0 0 0
TCGA-E2-A109 0.4250943 0 0 0 0.2549221 0 0 0 0 0.2508652 0 0 0
TCGA-E2-A10A 0.150824 0.1378343 0 0.2226774 0 0.341739 0.1469254 0 0 0 0 0 0
TCGA-E2-A10B 0.4488127 0.2347607 0 0 0 0 0 0 0 0.2265279 0 0 0
TCGA-E2-A10C 0.3111495 0.4301045 0.258746 0 0 0 0 0 0 0 0 0 0
TCGA-E2-A10E 1 0 0 0 0 0 0 0 0 0 0 0 0
TCGA-E2-A10F 1 0 0 0 0 0 0 0 0 0 0 0 0
TCGA-E2-A14N 0.1302622 0.09270376 0 0.2209486 0.1893198 0 0 0.06381507 0 0.2508445 0 0 0
TCGA-E2-A14O 0.951785 0 0 0 0 0 0 0 0 0 0 0 0
TCGA-E2-A14P 0.6262133 0.1493216 0 0 0 0 0 0 0 0.09077 0 0 0
TCGA-E2-A14Q 0.1896608 0 0 0 0 0 0 0.06716235 0.5425419 0 0 0 0.1191517
TCGA-E2-A14R 0.3616522 0 0 0.4191187 0 0.07225407 0 0 0 0 0 0 0
TCGA-E2-A14S 0.2288551 0 0 0 0 0 0 0 0.7711449 0 0 0 0
TCGA-E2-A14T 0.9858004 0 0 0 0 0 0 0 0 0 0 0 0
TCGA-E2-A14U 0.589315 0.08309419 0 0 0 0 0 0 0 0.3232069 0 0 0
TCGA-E2-A14V 0.7557229 0.06664082 0.1240394 0 0 0 0 0 0 0 0 0 0
TCGA-E2-A14Y 0.7278751 0.1436228 0.1115638 0 0 0 0 0 0 0 0 0 0
TCGA-E2-A14Z 0.7319605 0.187126 0 0 0 0 0 0 0 0 0 0 0
TCGA-E2-A150 0.5382057 0 0 0.3251496 0 0 0.09261722 0 0 0 0 0 0
TCGA-E2-A152 0.4934894 0.2185455 0.2684879 0 0 0 0 0 0 0 0 0 0
TCGA-E2-A153 1 0 0 0 0 0 0 0 0 0 0 0 0
TCGA-E2-A154 0.5851581 0 0 0 0 0 0.1783951 0 0.1093827 0.1270641 0 0 0
TCGA-E2-A155 0.889254 0.110746 0 0 0 0 0 0 0 0 0 0 0
TCGA-E2-A158 0.6293339 0 0 0.3579269 0 0 0 0 0 0 0 0 0
TCGA-E2-A159 0.3551738 0.1877354 0.3098083 0.1472826 0 0 0 0 0 0 0 0 0
TCGA-E2-A15C 0.1673448 0 0 0 0 0 0 0 0.8326552 0 0 0 0
TCGA-E2-A15D 0.9642864 0 0 0 0 0 0 0 0 0 0 0 0
TCGA-E2-A15F 1 0 0 0 0 0 0 0 0 0 0 0 0
TCGA-E2-A15G 0.6951605 0.07380778 0 0.2066349 0 0 0 0 0 0 0 0 0
TCGA-E2-A15H 1 0 0 0 0 0 0 0 0 0 0 0 0
TCGA-E2-A15I 0.1581298 0 0 0.7851155 0 0 0 0 0 0 0 0 0
TCGA-E2-A15J 0.2797815 0 0 0 0 0 0 0 0.06987712 0.6503414 0 0 0
TCGA-E2-A15M 0.6313633 0.09372841 0.07770084 0.1048385 0 0 0 0 0 0.09236892 0 0 0
TCGA-E2-A15P 0.8074449 0 0 0 0 0 0 0 0 0.1329331 0 0 0
TCGA-E2-A15R 0.9840752 0 0 0 0 0 0 0 0 0 0 0 0
TCGA-E2-A15S 0 0.0884184 0 0.2606424 0 0 0.1244336 0.09533273 0.1737751 0 0 0.2573978 0
TCGA-E2-A15T 1 0 0 0 0 0 0 0 0 0 0 0 0
TCGA-E2-A1AZ 0.4541067 0 0.1952635 0.2175394 0 0 0.06978706 0 0 0 0.06330336 0 0
TCGA-E2-A1B0 0.6485986 0 0 0 0 0 0 0 0 0.0941082 0 0.2572932 0
TCGA-E2-A1B4 0.2359934 0.1288549 0 0 0 0.2938519 0 0 0 0.3412999 0 0 0
TCGA-E2-A1BD 1 0 0 0 0 0 0 0 0 0 0 0 0
TCGA-E2-A1IE 0.9966875 0 0 0 0 0 0 0 0 0 0 0 0
TCGA-E2-A1IG 0.9868269 0 0 0 0 0 0 0 0 0 0 0 0
TCGA-E2-A1IH 0.4076791 0 0.1773081 0 0 0 0 0 0 0 0 0.125494 0.1432805
TCGA-E2-A1II 0.5802831 0 0 0.4182055 0 0 0 0 0 0 0 0 0
TCGA-E2-A1IJ 1 0 0 0 0 0 0 0 0 0 0 0 0
TCGA-E2-A1IK 0.8019891 0 0 0.1299982 0 0 0 0 0 0 0 0.0680128 0
TCGA-E2-A1IL 0.3003861 0 0 0 0 0 0.103562 0 0.5960519 0 0 0 0
TCGA-E2-A1IN 0.3473959 0.2691765 0.2976429 0.08578461 0 0 0 0 0 0 0 0 0
TCGA-E2-A1IU 0.6390115 0.1630208 0 0 0 0 0.1423397 0 0 0 0 0 0
TCGA-E2-A1L6 0.6478522 0 0 0 0 0 0 0.1370173 0 0 0.2151305 0 0
TCGA-E2-A1L7 0.5888997 0 0 0.3568266 0 0 0 0 0 0 0 0 0
TCGA-E2-A1L9 0.7787376 0 0 0 0.1235734 0 0 0 0.08242692 0 0 0 0
TCGA-E2-A1LE 0.5835831 0 0 0.2347302 0 0 0.073035 0 0 0 0 0 0.07815021
TCGA-E2-A1LH 0.4152424 0 0.1252303 0.4178696 0 0 0 0 0 0 0 0 0
TCGA-E2-A1LS 0.5978569 0 0 0.3093313 0.06536882 0 0 0 0 0 0 0 0
TCGA-E2-A3DX 0.5567146 0 0 0 0 0.2034758 0 0 0 0 0.1215485 0 0.06072011
TCGA-E9-A1N3 0.6554778 0 0 0 0.2410083 0 0 0 0 0 0 0 0
TCGA-E9-A1N4 0.7158008 0.1299416 0 0.1542576 0 0 0 0 0 0 0 0 0
TCGA-E9-A1N5 0.4244936 0 0 0 0 0.4064626 0 0 0 0 0 0 0.1397854
TCGA-E9-A1N8 0.2006721 0 0.1036775 0.07923151 0 0.388202 0.06698735 0 0 0 0 0.09946852 0.06176097
TCGA-E9-A1N9 0.5246821 0 0 0 0.2816326 0 0 0 0 0 0.1406672 0 0
TCGA-E9-A1NA 0.6517598 0.07017866 0.0835118 0 0.1548712 0 0 0 0 0 0 0 0
TCGA-E9-A1NC 0.5016642 0 0 0 0.09034483 0 0 0 0 0.2917497 0 0 0
TCGA-E9-A1ND 0.8132016 0 0.07836983 0 0 0 0 0 0 0 0 0 0
TCGA-E9-A1NE 0 0 0 0.4981469 0 0 0.06423459 0 0 0.4027549 0 0 0
TCGA-E9-A1NF 0.6119226 0 0 0 0 0 0.1167905 0 0 0 0 0 0.2712869
TCGA-E9-A1NG 0.8314145 0 0 0 0.1441488 0 0 0 0 0 0 0 0
TCGA-E9-A1NH 0.7445702 0 0 0 0 0 0 0 0 0 0 0.2554298 0
TCGA-E9-A1NI 0.5793855 0 0 0 0 0.2399098 0 0 0.1807046 0 0 0 0
TCGA-E9-A1R0 0.8505795 0.0961835 0 0 0 0 0 0 0 0 0 0 0
TCGA-E9-A1R2 0.6675553 0 0.1341146 0.1502244 0 0 0 0 0 0 0 0 0
TCGA-E9-A1R3 1 0 0 0 0 0 0 0 0 0 0 0 0
TCGA-E9-A1R4 0.3858735 0.215257 0.1875497 0 0 0.1119591 0.09936061 0 0 0 0 0 0
TCGA-E9-A1R5 1 0 0 0 0 0 0 0 0 0 0 0 0
TCGA-E9-A1R6 1 0 0 0 0 0 0 0 0 0 0 0 0
TCGA-E9-A1R7 0.2445904 0.1045182 0 0 0 0.2941322 0 0 0.07209566 0 0 0 0.1506485
TCGA-E9-A1RA 0.8391811 0 0 0 0 0 0 0.09461826 0 0 0 0 0.06620069
TCGA-E9-A1RB 0.4421835 0 0 0.1178918 0 0 0 0 0.3642708 0 0 0 0
TCGA-E9-A1RC 1 0 0 0 0 0 0 0 0 0 0 0 0
TCGA-E9-A1RD 0.6383927 0.1784693 0 0 0 0 0 0 0 0.183138 0 0 0
TCGA-E9-A1RE 0.7200798 0 0 0 0 0 0 0 0 0.2408285 0 0 0
TCGA-E9-A1RF 0.6178158 0 0 0.337021 0 0 0 0 0 0 0 0 0
TCGA-E9-A1RG 0.8481464 0 0 0 0 0 0 0 0 0 0 0.07322769 0
TCGA-E9-A1RH 0.6981288 0 0 0.1356606 0 0 0 0 0 0 0 0 0
TCGA-E9-A1RI 1 0 0 0 0 0 0 0 0 0 0 0 0
TCGA-E9-A226 0.33478 0.1434441 0.1394256 0.2535845 0 0 0.06989827 0 0 0 0 0 0
TCGA-E9-A228 0.7701599 0.07713405 0 0 0 0 0 0 0.1381979 0 0 0 0
TCGA-E9-A229 0.7084958 0 0.06572375 0 0 0 0 0 0.09624048 0.12954 0 0 0
TCGA-E9-A22A 0.4318943 0.09246722 0.07940224 0.2793427 0 0.1168936 0 0 0 0 0 0 0
TCGA-E9-A22B 0.9246881 0.06905471 0 0 0 0 0 0 0 0 0 0 0
TCGA-E9-A22D 1 0 0 0 0 0 0 0 0 0 0 0 0
TCGA-E9-A22E 0.2398969 0 0 0.5710175 0 0 0 0 0 0.07131179 0 0 0
TCGA-E9-A22G 0.169637 0 0 0.2464987 0 0.2443536 0.06157606 0 0 0 0 0.2104587 0
TCGA-E9-A22H 1 0 0 0 0 0 0 0 0 0 0 0 0
TCGA-E9-A243 0.6464855 0 0 0.2370473 0 0 0 0 0 0 0 0 0
TCGA-E9-A244 0.5995318 0 0 0.3446862 0 0 0 0 0 0 0 0 0
TCGA-E9-A245 0.4406088 0 0 0 0.4919099 0 0.06748131 0 0 0 0 0 0
TCGA-E9-A247 1 0 0 0 0 0 0 0 0 0 0 0 0
TCGA-E9-A249 0.7641995 0 0 0.1926285 0 0 0 0 0 0 0 0 0
TCGA-E9-A24A 0.77453 0 0 0 0.2059816 0 0 0 0 0 0 0 0
TCGA-E9-A295 0.7987101 0 0 0 0 0 0.2012899 0 0 0 0 0 0
TCGA-E9-A2JS 0.9959196 0 0 0 0 0 0 0 0 0 0 0 0
TCGA-E9-A3HO 0.2347219 0 0 0.5553195 0 0 0 0 0 0 0.09853017 0 0
TCGA-E9-A3Q9 0.7460314 0 0 0 0 0.1489915 0 0 0 0 0.0706212 0 0
TCGA-E9-A3QA 0.07469086 0 0.205045 0 0.08170818 0 0.1963104 0 0 0 0 0.1456218 0.2696312
TCGA-E9-A3X8 0.6277688 0 0 0 0 0 0 0.1541674 0 0 0 0 0.2180638
TCGA-E9-A54X 1 0 0 0 0 0 0 0 0 0 0 0 0
TCGA-E9-A54Y 0.9940471 0 0 0 0 0 0 0 0 0 0 0 0
TCGA-E9-A5FK 0.6063715 0 0 0 0 0.2724696 0 0 0 0.1211589 0 0 0
TCGA-E9-A5FL 0.6094432 0 0.09721211 0.2652265 0 0 0 0 0 0 0 0 0
TCGA-E9-A5UO 0.4846677 0 0 0 0 0.1708052 0 0 0.3020519 0 0 0 0
TCGA-E9-A5UP 0.8464227 0 0 0 0 0 0 0 0 0.1535773 0 0 0
TCGA-EW-A1IW 0.6008293 0.2634705 0.08508688 0 0 0 0 0 0 0 0 0 0
TCGA-EW-A1IZ 0.9902267 0 0 0 0 0 0 0 0 0 0 0 0
TCGA-EW-A1J1 0.8733031 0 0 0 0 0 0 0 0.09383021 0 0 0 0
TCGA-EW-A1J3 0.4783423 0 0 0.1013415 0 0 0 0 0 0.1723283 0 0.2154201 0
TCGA-EW-A1J5 0.225578 0.4811529 0.2932691 0 0 0 0 0 0 0 0 0 0
TCGA-EW-A1J6 1 0 0 0 0 0 0 0 0 0 0 0 0
TCGA-EW-A1OV 0.4054023 0.4133777 0.1151831 0 0 0 0 0 0 0 0 0 0
TCGA-EW-A1OX 0.4619199 0.12917 0 0.2510056 0 0 0 0 0 0.1579046 0 0 0
TCGA-EW-A1OY 1 0 0 0 0 0 0 0 0 0 0 0 0
TCGA-EW-A1P0 0.56079 0 0 0.3361104 0 0 0 0 0 0 0.08122418 0 0
TCGA-EW-A1P4 0.5083348 0 0 0.3147058 0 0 0 0 0 0.07247215 0 0.06251151 0
TCGA-EW-A1P5 0.5967913 0 0 0 0 0 0 0 0.2186905 0.1845183 0 0 0
TCGA-EW-A1P6 0.9848234 0 0 0 0 0 0 0 0 0 0 0 0
TCGA-EW-A1P8 0.6293946 0 0 0.1437803 0 0 0 0 0 0.2268251 0 0 0
TCGA-EW-A1PA 0.7584612 0.06995333 0 0.1715855 0 0 0 0 0 0 0 0 0
TCGA-EW-A1PE 0.5612164 0 0 0 0 0 0 0 0 0.3989034 0 0 0
TCGA-EW-A1PH 0.9922844 0 0 0 0 0 0 0 0 0 0 0 0
TCGA-EW-A2FV 1 0 0 0 0 0 0 0 0 0 0 0 0
TCGA-EW-A2FW 0.9340202 0.06597979 0 0 0 0 0 0 0 0 0 0 0
TCGA-EW-A3E8 0.6034968 0.3119683 0.08453492 0 0 0 0 0 0 0 0 0 0
TCGA-EW-A423 0.9297022 0 0 0 0 0 0 0 0 0.07029783 0 0 0
TCGA-GI-A2C8 0.5527658 0 0.07649069 0.1815528 0 0 0 0 0 0.1508302 0 0 0
TCGA-GM-A2D9 0.3320606 0.4387815 0.2291579 0 0 0 0 0 0 0 0 0 0
TCGA-GM-A2DA 1 0 0 0 0 0 0 0 0 0 0 0 0
TCGA-GM-A2DB 0.6741246 0 0 0.297053 0 0 0 0 0 0 0 0 0
TCGA-GM-A2DC 1 0 0 0 0 0 0 0 0 0 0 0 0
TCGA-GM-A2DD 0.3100994 0 0 0.2149614 0 0 0 0 0 0.2084598 0 0.1197435 0.1193633
TCGA-GM-A2DH 0.3652661 0 0.1479085 0.3424576 0 0 0 0 0 0.06836511 0 0 0
TCGA-GM-A2DI 0.4146483 0.4842354 0.1011163 0 0 0 0 0 0 0 0 0 0
TCGA-GM-A2DK 0.4061368 0.07047269 0 0 0 0.3814438 0 0 0 0 0.09323658 0 0
TCGA-GM-A2DL 0.692052 0.1035492 0 0 0 0 0.1652399 0 0 0 0 0 0
TCGA-GM-A2DM 0.631842 0 0 0 0.232272 0 0 0 0 0 0 0.135886 0
TCGA-GM-A2DN 0.7606163 0 0 0 0 0 0 0 0.2319902 0 0 0 0
TCGA-GM-A3NW 0.6500326 0.1571235 0.151196 0 0 0 0 0 0 0 0 0 0
TCGA-GM-A3NY 0.7692292 0 0 0 0 0 0.06292203 0 0 0 0 0.1205189 0
TCGA-GM-A3XN 0.9426947 0 0 0 0 0 0 0 0 0 0 0 0
TCGA-GM-A4E0 0.872446 0 0 0 0 0 0.127554 0 0 0 0 0 0
TCGA-GM-A5PV 0.7588528 0.1268726 0 0 0 0 0 0 0 0 0 0.1142746 0
TCGA-GM-A5PX 0.9850248 0 0 0 0 0 0 0 0 0 0 0 0
TCGA-LL-A50Y 0.9492613 0 0 0 0 0 0 0 0 0 0 0 0
TCGA-LL-A5YL 0.6935997 0.2821559 0 0 0 0 0 0 0 0 0 0 0
TCGA-LQ-A4E4 0.5256805 0.2171489 0.06586819 0.07654122 0 0 0.07583826 0 0 0 0 0 0
TCGA-MS-A51U 0.5985462 0 0 0 0 0 0 0 0.09042813 0 0 0.1617046 0.1493211
TCGA-OL-A5DA 0.4567515 0.2256268 0.1871575 0 0 0 0 0 0 0 0 0 0.07450385
TCGA-OL-A66J 0.9898351 0 0 0 0 0 0 0 0 0 0 0 0
TCGA-OL-A66K 0.1628433 0 0 0 0 0 0 0 0.3406775 0.4964792 0 0 0
TCGA-PE-A5DC 0.4902326 0 0 0.3038118 0 0 0 0 0 0 0 0 0
TCGA-PE-A5DE 0.3653252 0.4216574 0.2130173 0 0 0 0 0 0 0 0 0 0
