	Signature.1	Signature.2	Signature.13	Signature.3	Signature.8	Signature.5	Signature.18	Signature.17	Signature.6	Signature.15	Signature.20	Signature.26	Signature.30
PD23564a 1 0 0 0 0 0 0 0 0 0 0 0 0
PD23579a 0.4939451 0 0 0 0 0 0 0 0.2906423 0 0 0.2154126 0
PD23561a 0.2526291 0.243605 0.3462565 0 0 0 0 0 0 0.1321911 0 0 0
PD24189a 0.6803787 0 0 0 0 0 0 0 0.2299028 0 0 0.08971844 0
PD24326a 0.23832 0.4299118 0.2883618 0 0 0 0 0 0 0 0 0 0
PD24201a 0.5226654 0 0 0.3336478 0.1091976 0 0 0 0 0 0 0 0
PD24320a 0.3392495 0 0 0 0 0 0 0 0 0 0 0.607562 0
PD24208a 0.3798677 0.3194281 0.3007041 0 0 0 0 0 0 0 0 0 0
PD24327a 0.4230636 0.2178655 0.3303841 0 0 0 0 0 0 0 0 0 0
PD24197a 0.2406987 0 0 0.4325375 0.2905516 0 0 0 0 0 0 0 0
PD24194a 0.3635249 0.2643758 0.3115435 0 0 0 0 0 0 0 0 0 0
PD24192a 0.2302417 0 0.08233004 0.3779651 0 0.3094631 0 0 0 0 0 0 0
PD24217a 0.0941001 0.2594827 0.6272032 0 0 0 0 0 0 0 0 0 0
PD24209a 0.3488819 0.186224 0.3447289 0.1201652 0 0 0 0 0 0 0 0 0
PD23574a 0.2466593 0 0.1551695 0.5334044 0 0 0 0 0 0 0 0 0
PD24193a 0.838934 0 0 0 0 0 0 0 0 0 0 0.1500972 0
PD24333a 0.3210678 0.1470469 0 0 0 0 0 0.461 0 0 0 0 0
PD23558a 0.4192745 0 0.07092449 0.2726738 0.1736973 0 0 0 0 0 0 0 0
PD24182a 0.3366261 0 0.138318 0.4535594 0 0 0 0 0 0 0 0 0
PD22355a 0.5676609 0 0 0.390001 0 0 0 0 0 0 0 0 0
PD22366a 0.2726874 0 0.1528783 0.3851428 0 0 0 0 0 0 0 0.1236621 0
PD22363a 0.1570575 0 0 0.6659065 0 0 0 0 0 0 0 0.1186118 0
PD24212a 0.2035591 0 0 0.2497623 0.2672019 0 0 0 0.1319893 0 0 0 0
PD24325a 0.4549698 0 0.08748151 0.3729092 0 0 0 0 0 0 0 0.0846395 0
PD24216a 0.3590418 0.2622076 0.1558058 0 0 0.1514038 0 0 0 0 0 0.07154097 0
PD24190a 0.4327546 0 0.07609824 0.08400161 0.1480307 0.1713216 0 0.08779321 0 0 0 0 0
PD23565a 0.6133673 0.1788593 0.2077734 0 0 0 0 0 0 0 0 0 0
PD22357a 0.3741729 0.1904572 0.2166259 0.08220119 0 0 0 0 0 0 0 0 0.09861695
PD23559a 0.518616 0 0 0.3171829 0 0 0 0 0 0 0 0.08188981 0
PD24205a 0.4860661 0 0.08142518 0.2684958 0 0.1430859 0 0 0 0 0 0 0
PD22360a 0.286636 0 0.08729292 0.5038419 0 0 0 0 0 0.08991776 0 0 0
PD24202a 0.3218121 0 0.1015891 0.5610152 0 0 0 0 0 0 0 0 0
PD23563a 0.4291909 0 0 0.5114905 0 0 0 0 0 0 0 0 0
PD23562a 0.3106839 0 0.09044677 0.5185841 0 0 0 0 0 0 0 0.08028527 0
PD23567a 0.2522042 0 0 0.4896606 0 0 0 0 0.1818422 0 0 0 0
PD23578a 0.3976411 0 0 0.3361297 0.1517999 0 0 0 0 0 0 0 0
PD23566a 0.4232384 0 0 0.3359599 0.2408017 0 0 0 0 0 0 0 0
PD23554a 0.1117955 0 0 0.67754 0 0 0 0 0 0.1141708 0 0.06638054 0
PD22358a 0.3174929 0 0.1506854 0.5318217 0 0 0 0 0 0 0 0 0
PD22361a 0.3501536 0.1282436 0.3738337 0.1120898 0 0 0 0 0 0 0 0 0
PD24186a 0.3496427 0 0 0.2936372 0.1612444 0 0 0 0 0 0 0.1248736 0
PD24337a 0.1259727 0 0 0.2684655 0 0.3402852 0 0 0.1269835 0 0 0 0
PD24199a 0.2658863 0 0 0.2551347 0 0.2408722 0 0 0 0 0 0.2195895 0
PD24215a 0.2328607 0 0 0 0.2990636 0.3718229 0 0 0 0 0 0 0
PD24191a 0.1826704 0 0 0.238354 0 0.3980894 0 0 0 0 0 0 0
PD24335a 0.9540844 0 0 0 0 0 0 0 0 0 0 0 0
PD24207a 0.7538461 0.1268687 0.0954769 0 0 0 0 0 0 0 0 0 0
PD24304a 0 0 0 0.3234561 0.2147433 0.240515 0 0 0 0 0 0.1663676 0
PD24322a 0.8291662 0.07923801 0.06477975 0 0 0 0 0 0 0 0 0 0
PD24308a 0.6824116 0 0 0.1710952 0 0 0 0 0 0 0 0.1111254 0
PD24318a 0.849423 0 0 0 0 0 0 0 0 0 0 0.1088477 0
PD24223a 0.7853467 0.09884063 0 0 0 0 0 0 0 0 0 0.1158126 0
PD24314a 0.2585464 0 0 0 0 0.266613 0 0 0.2551312 0.09288061 0 0 0
PD24303a 0.2823597 0 0.09192935 0.5271245 0 0.07935797 0 0 0 0 0 0 0
PD24220a 0.8400625 0 0.1000188 0 0 0 0 0 0 0 0 0 0
PD23577a 0.2759735 0 0 0.2515121 0 0.2076381 0 0 0 0.1907124 0 0 0
PD24204a 1 0 0 0 0 0 0 0 0 0 0 0 0
PD23560a 0.6624816 0.09974954 0 0.1034958 0 0 0 0 0 0 0 0.06970626 0
PD24206a 0.4954528 0 0.1039113 0.2180022 0 0 0.1060971 0 0 0 0 0 0
PD24214a 0.8673201 0 0 0 0 0 0 0 0.1152704 0 0 0 0
PD24336a 0.2238962 0.06704713 0 0 0 0.5622556 0 0 0 0.08790473 0 0 0
PD23550a 0.6814732 0.1376064 0 0 0 0 0 0 0 0 0 0.1215677 0
PD24329a 0.991397 0 0 0 0 0 0 0 0 0 0 0 0
PD24306a 0.1403129 0.09236767 0.1089216 0.5039062 0 0 0 0 0 0.0739746 0 0 0
PD22364a 0.9031287 0 0 0 0 0 0 0 0 0 0 0 0
PD24196a 0.6629638 0 0 0.1654737 0.1215014 0 0 0 0 0 0 0 0
PD24224a 0.8285965 0 0 0.1512419 0 0 0 0 0 0 0 0 0
PD24218a 0.1158687 0.06537779 0 0 0.07291236 0.6871685 0 0 0 0 0 0 0
PD24332a 1 0 0 0 0 0 0 0 0 0 0 0 0
PD24195a 0.4557028 0 0 0 0.1261726 0.285874 0 0 0 0 0 0.07090487 0
PD24221a 0.4075751 0 0 0.3828748 0 0 0 0 0 0 0 0.2095501 0
PD22362a 0.5997563 0 0 0 0 0 0 0 0 0 0 0 0.3678454
PD22251a 0.8961631 0 0 0 0 0 0 0 0 0 0 0 0
PD23570a 0.6354478 0.1791144 0 0 0 0 0 0 0 0.129463 0 0 0
PD24219a 0.9016626 0 0 0.09833743 0 0 0 0 0 0 0 0 0
PD24302a 0.3616146 0 0 0 0.1391162 0 0 0 0 0.40624 0 0.06545505 0
PD22365a 0.1639813 0 0 0 0.3363079 0.3034494 0.06103333 0 0 0 0 0 0
PD24225a 0.4970807 0.1311764 0.07275951 0 0 0 0.09263742 0.115704 0 0 0 0 0
PD22359a 0.8847472 0.1152528 0 0 0 0 0 0 0 0 0 0 0
PD24307a 1 0 0 0 0 0 0 0 0 0 0 0 0
PD23569a 0.5093226 0 0 0.3708272 0.1198502 0 0 0 0 0 0 0 0
PD24200a 0.7056412 0 0 0.2943588 0 0 0 0 0 0 0 0 0
PD22036a 0.7193955 0 0 0.1194379 0 0 0 0 0 0 0 0 0.07166683
