	Signature.1	Signature.2	Signature.13	Signature.3	Signature.8	Signature.5	Signature.18	Signature.17	Signature.6	Signature.15	Signature.20	Signature.26	Signature.30
PD13604a 0.2710999 0.3636664 0.3387418 0 0 0 0 0 0 0 0 0 0
PD5937a 0.6370614 0.1920671 0.1066926 0 0 0 0 0 0.06417884 0 0 0 0
PD9063a 0.3487177 0.4337541 0.2175282 0 0 0 0 0 0 0 0 0 0
PD4977a 0.3567133 0.40284 0.2404467 0 0 0 0 0 0 0 0 0 0
PD13425a 0.3429976 0.1430397 0.3644982 0.1177209 0 0 0 0 0 0 0 0 0
PD6405a 0.296434 0.1141726 0.5443267 0 0 0 0 0 0 0 0 0 0
PD9568a 0.3298928 0 0.06433675 0.5647809 0 0 0 0 0 0 0 0 0
PD6412a 0.5881649 0 0 0 0 0 0 0 0.06720852 0.1810573 0 0.1635693 0
PD8832a 0.267517 0 0 0.6102106 0 0 0 0 0 0 0 0 0
PD4607a 0.1624149 0.4660167 0.3189915 0 0 0 0 0 0 0 0 0 0
PD4072a 0.1645539 0.3050703 0.5051067 0 0 0 0 0 0 0 0 0 0
PD11379a 0.2787569 0.2873931 0.3151188 0.1187313 0 0 0 0 0 0 0 0 0
PD8660a2 0.4001563 0 0.09422805 0.3866427 0 0.08451641 0 0 0 0 0 0 0
PD8982a 0.3245351 0 0.2090301 0.3879093 0 0 0 0 0 0 0 0 0
PD18045a 0.5834196 0.1003864 0.2884299 0 0 0 0 0 0 0 0 0 0
PD6043a 0.260247 0.2224217 0.2760752 0.2322584 0 0 0 0 0 0 0 0 0
PD9009a 0.422382 0.1320475 0.3586775 0.08689291 0 0 0 0 0 0 0 0 0
PD13296a 0.3432735 0 0.06939927 0.5075981 0 0 0 0 0 0 0 0 0
PD11751a 0.3692135 0 0.07905489 0.5472897 0 0 0 0 0 0 0 0 0
PD7426a 0.2642631 0 0.2349348 0.4213975 0 0 0 0 0 0.07940468 0 0 0
PD11372a 0.3650303 0.2685106 0.3542631 0 0 0 0 0 0 0 0 0 0
PD11465a 0.5513333 0.1693785 0.1887955 0.09049276 0 0 0 0 0 0 0 0 0
PD18020a 0.2967411 0 0.1681409 0.4515805 0 0 0 0 0.06060533 0 0 0 0
PD13297a 0.1735146 0 0.08875346 0.1661673 0 0 0 0 0 0.1188284 0 0 0.407548
PD9576a 0.4081135 0 0 0.437907 0 0.07030096 0 0 0 0 0 0.07341499 0
PD8980a 0.4207154 0 0 0.3343595 0.1554408 0 0 0 0 0 0 0 0
PD11365a 0.38025 0 0 0 0 0 0 0 0 0.123968 0 0.4687104 0
PD8652a2 0.3808658 0 0 0.5166574 0 0 0 0 0 0 0 0 0
PD6684a 0.1740314 0 0.1391565 0.6264091 0 0 0 0 0 0 0 0 0
PD7219a 0.2978791 0.2649606 0.3313908 0.1057696 0 0 0 0 0 0 0 0 0
PD7428a 0.3400073 0 0 0.5068378 0 0 0 0 0 0.1152524 0 0 0
PD11327a 0.1763937 0 0 0.6290871 0 0 0 0 0 0 0 0.07244766 0
PD5948a 0.3636405 0 0 0.4306014 0 0 0 0 0 0 0 0.1496416 0
PD4844a 0.4039052 0 0 0.3536389 0.07330184 0 0 0 0 0 0 0.09283892 0
PD13771a 0.3715207 0 0.09248318 0.2331562 0.08777604 0.1638453 0 0 0 0 0 0 0
PD9064a 0.1805416 0 0 0.4417125 0.1263487 0.06736604 0 0 0.07199418 0 0 0 0
PD11748a 0.4018311 0 0 0.5525596 0 0 0 0 0 0 0 0 0
PD6722a 0.2497737 0.1239166 0.3468761 0.2486629 0 0 0 0 0 0 0 0 0
PD7248a 0.3065096 0 0.06449771 0.5426296 0 0 0 0 0 0 0 0.08349266 0
PD9004a 0.3731754 0 0.08541731 0.5089642 0 0 0 0 0 0 0 0 0
PD4952a 0.4589121 0 0.1002369 0.06447701 0.1622553 0.2141187 0 0 0 0 0 0 0
PD4956a 0.2370075 0 0.07294842 0.6019667 0 0 0 0 0 0 0 0 0
PD9604a 0.3184314 0 0 0 0 0 0 0 0 0 0 0.6815686 0
PD11344a 0.4166496 0.3016291 0.2799542 0 0 0 0 0 0 0 0 0 0
PD13299a 0.1932668 0.07379255 0.2874408 0.3823119 0 0 0 0 0 0 0 0 0
PD8964a 0.3549239 0 0 0.4406191 0 0.1092071 0 0 0 0 0 0 0
PD10014a 0.3745009 0 0 0.5563608 0 0 0 0 0 0 0 0 0
PD7307a 0.449719 0.1582992 0.338738 0 0 0 0 0 0 0 0 0 0
PD18024a 0.3003785 0 0 0.5587337 0 0 0 0 0 0 0 0 0
PD11750a 0.1922384 0 0.2195563 0.5561506 0 0 0 0 0 0 0 0 0
PD18247a 0.3911148 0.2552132 0.353672 0 0 0 0 0 0 0 0 0 0
PD5934a 0.2574229 0 0 0.7123046 0 0 0 0 0 0 0 0 0
PD4109a 0.6859886 0 0.1153061 0.1289726 0 0 0 0 0 0 0 0 0
PD6730b 0.4121162 0 0 0.5004065 0 0 0 0 0 0 0 0 0
PD8984a 0.3345327 0 0.08946973 0.5027659 0 0 0 0 0 0 0 0 0
PD5935a 0.4423233 0 0.07349716 0.4776562 0 0 0 0 0 0 0 0 0
PD9592a 0.3333788 0 0 0.6267713 0 0 0 0 0 0 0 0 0
PD9595a 0.4454719 0 0 0.4528651 0 0 0 0 0 0 0 0 0
PD6731a2 0.2555342 0.150277 0.1972115 0.3330834 0 0 0 0 0 0 0 0.06389382 0
PD11345a 0.5656598 0.3101716 0.07093693 0 0 0 0 0 0 0 0 0 0
PD7217a 0.4116854 0 0.07633249 0.1951794 0.1030958 0.1677941 0 0 0 0 0 0 0
PD9000a 0.4556757 0 0 0.3559651 0.09509882 0 0 0 0 0 0 0 0
PD4199a 0.4766096 0.2558616 0.2447073 0 0 0 0 0 0 0 0 0 0
PD4847a 0.7533418 0 0 0.2324573 0 0 0 0 0 0 0 0 0
PD9585a 0.4146902 0 0 0.3324692 0.1016154 0 0 0 0 0 0 0 0
PD13753a 0.463408 0.1975867 0.2496139 0.08939137 0 0 0 0 0 0 0 0 0
PD4874a 0.305875 0.08385685 0.183103 0.398229 0 0 0 0 0 0 0 0 0
PD5932a 0.2153049 0 0.09124846 0.5767053 0 0.06045514 0 0 0 0 0 0 0
PD4006a 0.4492047 0 0 0.4887957 0 0 0 0 0 0 0 0 0
PD11367a 0.4662924 0 0 0.3826137 0 0 0 0 0.08839678 0 0 0 0
PD8830a 0.3629647 0 0 0.4254279 0 0 0 0 0.1476173 0 0 0 0
PD11326a 0.233087 0 0.07714896 0.5570746 0 0 0 0 0 0.1326895 0 0 0
PD4958a 0.3464617 0 0 0.2021805 0.2297656 0 0 0 0 0.1192878 0 0 0
PD13625a 0.7742852 0 0 0 0 0 0 0 0 0.1564051 0 0 0
PD14453a 0.6064685 0.09493868 0.1782029 0.12039 0 0 0 0 0 0 0 0 0
PD7211a 0.4389923 0 0 0.4352955 0 0.0667865 0 0 0 0 0 0 0
PD3945a 0.3097968 0 0 0.06367872 0.5193235 0 0 0 0 0 0 0 0
PD18264a 0.5179369 0.3386595 0.1434036 0 0 0 0 0 0 0 0 0 0
PD8995a 0.6903352 0.191972 0.1176928 0 0 0 0 0 0 0 0 0 0
PD13418a 0.683014 0.08389694 0.1896607 0 0 0 0 0 0 0 0 0 0
PD5925a 0.1838032 0 0.1453609 0.6036552 0 0 0 0 0 0 0 0 0
PD13627a 0.3867481 0 0 0.5444214 0 0 0 0 0 0 0 0 0
PD4115a 0.2054304 0 0 0.4964904 0 0 0 0 0 0.1006618 0 0.07935506 0
PD6047a 0.8784458 0 0 0.08868158 0 0 0 0 0 0 0 0 0
PD6409a 0.2161269 0 0.09769402 0.6189316 0 0 0 0 0 0.06724748 0 0 0
PD6415a 0.4810878 0 0.1323086 0.3725021 0 0 0 0 0 0 0 0 0
PD8621a 0.4263452 0 0 0.5179594 0 0 0 0 0 0 0 0 0
PD4975a 0.4625512 0 0 0.5374488 0 0 0 0 0 0 0 0 0
PD17981a 0.9693385 0 0 0 0 0 0 0 0 0 0 0 0
PD4116a 0.4210036 0 0 0.4860334 0 0 0 0 0 0 0 0 0
PD7250a 0.3692393 0 0 0.611557 0 0 0 0 0 0 0 0 0
PD9702a 0.3212319 0 0.1206851 0.5410965 0 0 0 0 0 0 0 0 0
PD11742a 0.355901 0 0.08862819 0.3735484 0 0 0 0 0 0 0 0 0.09114441
PD5945a 0.1975998 0 0 0.6326698 0 0 0 0 0 0 0 0.1171477 0
PD4604a 0.6454733 0 0.06483833 0.2158199 0.07386845 0 0 0 0 0 0 0 0
PD4107a 0.3147151 0 0 0.5509904 0 0 0 0 0 0 0 0 0
PD6727b 0.9416238 0 0 0 0 0 0 0 0 0 0 0 0
PD13298a 0.7883198 0 0 0.07189479 0 0 0 0 0 0 0 0 0
PD7205a 0.7469982 0 0.1572051 0 0 0 0 0 0 0 0 0 0
PD7215a 0.4773447 0.08031977 0.1591821 0.1060491 0 0.1467223 0 0 0 0 0 0 0
PD8969a 0.5363249 0 0.06458334 0.3380615 0 0 0 0 0 0 0 0 0
PD13165a 0.6158974 0.1847396 0 0.09285549 0 0 0.1065076 0 0 0 0 0 0
PD8611a 0.2324158 0 0.06042751 0.4951632 0 0 0 0 0 0 0 0.16329 0
PD13162a 0.5192893 0.08257453 0.2593625 0.1222999 0 0 0 0 0 0 0 0 0
PD7321a 0.4755866 0 0.1264322 0.3979812 0 0 0 0 0 0 0 0 0
PD5928a 0.3052299 0 0 0.06957265 0.3793554 0 0 0 0 0.0695453 0 0.0955353 0
PD6719a 0.5635709 0 0 0.3818252 0 0 0 0 0 0 0 0 0
PD9575a 0.5315839 0 0 0.4218801 0 0 0 0 0 0 0 0 0
PD4962a 0.366339 0.164166 0.3157636 0.09939657 0 0 0 0 0 0 0 0 0
PD11349a 0.6934261 0.06611619 0.07873617 0 0 0.07027107 0 0 0 0 0 0 0
PD11752a 1 0 0 0 0 0 0 0 0 0 0 0 0
PD13606a 0.9148319 0 0 0 0.06782618 0 0 0 0 0 0 0 0
PD18037a 1 0 0 0 0 0 0 0 0 0 0 0 0
PD4875a 0.6049922 0 0 0.3378029 0 0 0 0 0 0 0 0 0
PD6042a 0.3754983 0 0.1519558 0.3783939 0 0 0 0 0 0 0 0 0
PD6411a 0.2001726 0 0 0.6845595 0 0 0 0 0 0.06200733 0 0 0
PD7305a 0.8300484 0 0 0 0 0 0 0 0 0.1520275 0 0 0
PD11369a 0.9227741 0 0 0 0 0 0 0 0 0 0 0 0
PD4841a 0.5041846 0 0 0.2585896 0 0.166328 0 0 0 0 0 0 0
PD11368a 0.867027 0.132973 0 0 0 0 0 0 0 0 0 0 0
PD11753a 0.6744656 0 0 0.2365462 0 0 0 0 0 0 0 0 0
PD8978a 0.4136599 0 0 0.2601582 0 0.2664776 0 0 0 0 0 0 0
PD8609a 0.6445435 0.2687316 0.08672488 0 0 0 0 0 0 0 0 0 0
PD9696a 0 0 0.1476667 0.5224724 0 0.07029516 0 0 0.1984181 0 0 0 0
PD11336a 0.7433201 0.08931129 0 0 0 0 0 0.06163149 0 0.08210377 0 0 0
PD4955a 0 0 0.07406105 0.5717521 0.06239288 0 0 0 0.2152352 0 0 0 0
PD6410a 0.4561473 0 0.06793396 0.3409155 0 0 0 0 0 0 0 0.09471555 0
PD9002a 0.4513479 0 0 0 0.1752503 0.120298 0 0 0 0.187275 0 0 0
PD13602a 0.7889106 0 0 0.06070483 0 0 0 0 0 0.07574678 0 0 0
PD5942a 0.7772832 0 0 0.1906286 0 0 0 0 0 0 0 0 0
PD13307a 0.7074173 0.2025396 0.09004307 0 0 0 0 0 0 0 0 0 0
PD13765a 0.5320112 0 0 0.06652956 0 0 0.1602082 0 0.1998998 0 0 0 0
PD13163a 0.7773394 0 0.08227675 0.1178199 0 0 0 0 0 0 0 0 0
PD4005a 0.3257839 0.06121054 0.1548753 0.3405584 0 0 0 0 0 0 0 0.06624159 0
PD7069a 0.644813 0.1470885 0.2080985 0 0 0 0 0 0 0 0 0 0
PD7306a 0.8216527 0 0 0.08263665 0 0 0 0 0 0 0 0 0
PD7243a 0.7467756 0.08611565 0 0.1129755 0 0 0 0 0 0 0 0 0
PD4953a 0.2088747 0.06150642 0 0.4681113 0 0.2073633 0 0 0 0 0 0 0
PD18259a 0.3225116 0 0.07657133 0.2921237 0 0 0 0 0.2641126 0 0 0 0
PD4833a 0.4208838 0 0 0.5399365 0 0 0 0 0 0 0 0 0
PD6404a 0.3088306 0 0.1139555 0.1969285 0 0.2575666 0 0 0 0 0 0 0
PD4976a 0.6915874 0 0 0.1283093 0 0 0 0 0 0.1007464 0 0.06892473 0
PD14441a 0.2416374 0 0.06557235 0.2869964 0 0.1583834 0 0 0.098013 0 0 0.0860885 0
PD3904a 0.1338135 0.1014899 0 0.6483166 0 0 0.06516571 0 0 0 0 0 0
PD7316a 0.5579907 0 0 0.389277 0 0 0 0 0 0 0 0 0
PD11348a 0.7215827 0 0 0 0 0 0 0 0 0.2784173 0 0 0
PD11340a 0.8464794 0 0 0.09283589 0 0 0 0 0 0 0 0 0
PD13620a 0.6683714 0 0 0 0 0.1019321 0 0 0 0.1405099 0 0 0
PD14460a 0.697388 0.144299 0.158313 0 0 0 0 0 0 0 0 0 0
PD4954a 0.4155743 0 0 0.4046634 0 0 0 0 0 0 0 0 0
PD13424a 1 0 0 0 0 0 0 0 0 0 0 0 0
PD13609a 0.4544453 0.1274104 0.274179 0.1439652 0 0 0 0 0 0 0 0 0
PD6422a 0.8625682 0 0 0 0 0 0 0 0 0.07740105 0 0 0
PD8610a 0.4021933 0 0.09153541 0.4234758 0 0 0 0 0 0 0 0 0
PD11393a 1 0 0 0 0 0 0 0 0 0 0 0 0
PD18749a 0.4708574 0.1099556 0.3661711 0 0 0 0 0 0 0 0 0 0
PD9760a 0.8459304 0.1013563 0 0 0 0 0 0 0 0 0 0 0
PD9756a 0.7904757 0.1231465 0.08637774 0 0 0 0 0 0 0 0 0 0
PD3890a 0.3341206 0.07274641 0.1095536 0.4513252 0 0 0 0 0 0 0 0 0
PD11397a 0.6592817 0 0 0.1941783 0 0 0 0 0 0 0 0 0
PD4959a 0.8342588 0 0 0.1515434 0 0 0 0 0 0 0 0 0
PD8973a 0.6961911 0.0962571 0.2075518 0 0 0 0 0 0 0 0 0 0
PD7202a 1 0 0 0 0 0 0 0 0 0 0 0 0
PD9464a 0.5814132 0 0.08823896 0.3011878 0 0 0 0 0 0 0 0 0
PD11342a 0.7897001 0.08024526 0 0 0 0 0 0 0.0725942 0 0 0 0
PD4103a 0.736529 0 0.09719999 0 0 0 0 0.06056873 0 0 0 0 0
PD10011a 0.5508691 0 0 0.3580956 0 0 0 0 0 0 0 0 0
PD18048a 0.7913641 0 0 0.1700172 0 0 0 0 0 0 0 0 0
PD8977a 1 0 0 0 0 0 0 0 0 0 0 0 0
PD14457a 0.9683895 0 0 0 0 0 0 0 0 0 0 0 0
PD11388a 0.49078 0.0613641 0 0.1991044 0 0 0 0 0 0.2337328 0 0 0
PD13608a 0.5650436 0.1133387 0.1133697 0 0 0.1936685 0 0 0 0 0 0 0
PD4872a 0.3528433 0 0.09738653 0 0 0.38302 0 0 0 0 0 0.06696253 0
PD6406a 0.3717589 0 0 0.474463 0 0 0 0 0 0 0 0.07299018 0
PD9605a 0.9229614 0 0 0.07292267 0 0 0 0 0 0 0 0 0
PD4836a 0.3117321 0 0 0.1036993 0 0.5110918 0 0 0 0 0 0 0
PD8965a 0.6250175 0.09008959 0 0.2349536 0 0 0 0 0 0 0 0 0
PD13311a 0.3518614 0 0 0.4517443 0 0 0.08426197 0 0 0.06088453 0 0 0
PD8979a 0.9455433 0 0 0 0 0 0 0 0 0 0 0 0
PD18046a 0.7826782 0 0 0.1621776 0 0 0 0 0 0 0 0 0
PD7067a 0.5552179 0 0.06828083 0.2551403 0 0 0 0 0 0.121361 0 0 0
PD7240a 0.7141129 0 0 0 0 0 0 0 0 0.2858871 0 0 0
PD13760a 0.3186395 0 0.07444489 0.3430958 0 0.2638198 0 0 0 0 0 0 0
PD4980a 0.7371205 0 0 0.07360368 0 0 0.1707257 0 0 0 0 0 0
PD13302a 1 0 0 0 0 0 0 0 0 0 0 0 0
PD4876a 0.2503514 0 0 0.4480939 0.112283 0 0 0 0 0 0 0 0.1019492
PD5956a 0.7018 0 0 0.2388181 0 0 0 0 0 0 0 0 0
PD6733b 0.8307419 0 0 0 0 0 0 0 0 0 0 0 0
PD8619a 0.6783866 0 0.08850629 0.1963821 0 0 0 0 0 0 0 0 0
PD5946a 0.9544237 0 0 0 0 0 0 0 0 0 0 0 0
PD9597a 0.6721192 0.2274836 0.1003971 0 0 0 0 0 0 0 0 0 0
PD13623a 0.6730504 0.257063 0 0 0 0 0 0 0 0 0 0 0
PD18050a 0.9810459 0 0 0 0 0 0 0 0 0 0 0 0
PD18189a 0.8361169 0.08864759 0 0 0 0 0 0 0 0 0 0 0
PD11386a 0.5972337 0.147199 0 0 0 0 0 0 0 0.08274254 0 0.1155076 0
PD4198a 0.9361038 0.06389615 0 0 0 0 0 0 0 0 0 0 0
PD11760a 1 0 0 0 0 0 0 0 0 0 0 0 0
PD6729a2 0.8539787 0 0 0.1440365 0 0 0 0 0 0 0 0 0
PD7249a 0.5610745 0.0875387 0.1761557 0 0.1356144 0 0 0 0 0 0 0 0
PD9599a 1 0 0 0 0 0 0 0 0 0 0 0 0
PD13622a 0.4057227 0 0 0.1250075 0 0 0 0 0.2809443 0.1883255 0 0 0
PD5930a 0.1663288 0 0.1227355 0.5735643 0 0 0 0 0.06486461 0 0 0 0
PD5960a 0.2616628 0 0 0.146103 0.2057132 0 0 0 0.07648373 0.2325934 0 0 0
PD7206a 0.8850907 0 0 0.1112939 0 0 0 0 0 0 0 0 0
PD11358a 0.7621418 0.1847009 0 0 0 0 0 0 0 0 0 0 0
PD13630a 0.5158731 0.09856458 0 0.08241307 0 0.1534962 0 0 0.08785448 0 0 0 0
PD8998a 0 0.2749116 0.2133289 0.3767178 0 0 0 0 0 0 0 0.06649109 0
PD4845a 0.5708726 0 0 0.2058189 0 0 0 0 0 0 0 0.2233085 0
PD11357a 1 0 0 0 0 0 0 0 0 0 0 0 0
PD13428a 0.9530234 0 0 0 0 0 0 0 0 0 0 0 0
PD13766a 0.5521486 0.2893813 0.1584701 0 0 0 0 0 0 0 0 0 0
PD14437a 0.9053424 0.07951476 0 0 0 0 0 0 0 0 0 0 0
PD3905a 0.3347659 0 0.09251972 0.4598562 0 0 0 0 0 0 0 0 0
PD4826a 0.3763962 0.1943033 0 0 0 0.3335499 0 0 0 0 0 0 0
PD4255a 0.8720259 0 0 0 0.1279741 0 0 0 0 0 0 0 0
PD6413a 0.1829245 0.07168549 0.07115137 0.2994824 0 0.1662094 0.1069157 0 0.0723134 0 0 0 0
PD11395a 0.9067031 0 0 0 0 0 0 0 0 0.09329688 0 0 0
PD11816a 0.7720811 0.07212471 0 0.1017087 0 0 0 0 0 0 0 0 0
PD14435a 0.6629235 0.07931099 0 0 0 0 0 0 0.2080901 0 0 0 0
PD6048a 1 0 0 0 0 0 0 0 0 0 0 0 0
PD8615a 0.3484468 0.1315466 0.2136036 0.2935776 0 0 0 0 0 0 0 0 0
PD9539a 1 0 0 0 0 0 0 0 0 0 0 0 0
PD11366a 0.6840582 0 0 0 0 0 0 0 0 0.2559707 0 0 0
PD11380a 0.6846103 0 0 0.1622326 0 0 0 0 0 0 0 0 0
PD9752a 0.8697223 0.08036332 0 0 0 0 0 0 0 0 0 0 0
PD4968a 0.8075001 0.1679254 0 0 0 0 0 0 0 0 0 0 0
PD7220a 0.9601686 0 0 0 0 0 0 0 0 0 0 0 0
PD7066a 0.6669873 0 0 0 0 0 0 0 0 0.2010462 0 0 0
PD14462a 0.7195478 0.1050212 0 0 0 0 0 0 0 0.1383454 0 0 0
PD9571a 0.4460901 0 0 0.3318539 0 0 0 0 0 0.1970108 0 0 0
PD5951a 1 0 0 0 0 0 0 0 0 0 0 0 0
PD8620a 0.5340487 0.2447666 0.160608 0 0 0 0 0 0 0 0 0.06057675 0
PD9842a 0.5561391 0 0 0 0 0.2850556 0 0 0 0 0 0 0.1064675
PD11743a 0.7118367 0 0 0 0 0 0 0 0 0.2790778 0 0 0
PD14433a 0.5385167 0.2021616 0.08377764 0 0 0 0 0 0.1472937 0 0 0 0
PD18049a 0.4817396 0.1032963 0.06625925 0.1859541 0 0 0 0 0.1500414 0 0 0 0
PD11745a 0.7193484 0 0 0.1247193 0 0 0.06017408 0 0 0.07159167 0 0 0
PD9572a 0.6112862 0 0.1564052 0 0 0.2001624 0 0 0 0 0 0 0
PD11364a 1 0 0 0 0 0 0 0 0 0 0 0 0
PD11376a 0.8657443 0 0 0 0 0 0 0 0 0.1342557 0 0 0
PD11464a 0.6346539 0.1893758 0.1759703 0 0 0 0 0 0 0 0 0 0
PD18031a 0.6486826 0.07411114 0 0.2772063 0 0 0 0 0 0 0 0 0
PD9845a 0.6239913 0 0 0 0 0.3468084 0 0 0 0 0 0 0
PD11755a 0.5362621 0 0 0.3831457 0 0 0 0 0 0 0 0 0
PD14465a 0.6088956 0 0 0.2158463 0 0 0 0 0.1519653 0 0 0 0
PD9567a 0.816744 0 0 0.1511128 0 0 0 0 0 0 0 0 0
PD4315a 0.5095081 0.113963 0 0 0 0 0 0 0.1985945 0 0 0 0
PD4967a 0.5035482 0 0.3188296 0 0 0 0 0 0 0 0 0 0.1776222
PD13764a 0.510636 0 0 0 0 0.3269214 0 0 0 0 0 0 0
PD4965a 0.523629 0 0 0.08050919 0 0.1876696 0 0 0 0 0 0.1133754 0
PD13763a 0.9769776 0 0 0 0 0 0 0 0 0 0 0 0
PD4957a 0.1736468 0.08954333 0 0 0.07360041 0.3812729 0 0 0 0 0 0 0.1348879
PD4978a 0.9112079 0.08879212 0 0 0 0 0 0 0 0 0 0 0
PD11339a 0.7485034 0 0 0.1677362 0 0 0 0 0 0 0.08376042 0 0
PD11343a 0.9438822 0 0 0 0 0 0 0 0 0 0 0 0
PD11399a 0.9606376 0 0 0 0 0 0 0 0 0 0 0 0
PD13752a 1 0 0 0 0 0 0 0 0 0 0 0 0
PD18748a 0.9437745 0 0 0 0 0 0 0 0 0 0 0 0
PD9467a 0.9266874 0.06039902 0 0 0 0 0 0 0 0 0 0 0
PD13619a 0.6221144 0 0 0.1329203 0 0 0 0 0 0.1745401 0 0.07042512 0
PD18149a 0.4765012 0 0 0.2093764 0 0 0 0 0 0.247534 0 0 0
PD4252a 0.7199452 0 0 0.2522352 0 0 0 0 0 0 0 0 0
PD11359a 0.9479479 0 0 0 0 0 0 0 0 0 0 0 0
PD4192a 0.4521686 0 0.2113217 0.2099134 0 0 0 0 0.1265963 0 0 0 0
PD5936a 0.9862401 0 0 0 0 0 0 0 0 0 0 0 0
PD9001a 0.8949178 0 0 0 0 0 0 0 0 0 0 0 0
PD8996a 1 0 0 0 0 0 0 0 0 0 0 0 0
PD8997a 0.5793477 0 0 0 0 0 0 0 0 0.2215055 0 0.1315774 0
PD11360a 1 0 0 0 0 0 0 0 0 0 0 0 0
PD9759a 0.8928373 0 0 0 0 0 0 0 0 0 0 0.1071627 0
PD13603a 0.851344 0 0.07976898 0 0 0 0 0 0 0 0 0 0
PD18734a 0.691511 0 0 0.1137979 0 0 0 0 0 0.1410982 0 0 0
PD18769a 0.5153838 0.07602226 0.3124634 0.08285511 0 0 0 0 0 0 0 0 0
PD5959a 0.7235703 0.1335178 0 0.1323847 0 0 0 0 0 0 0 0 0
PD10010a 0.9632517 0 0 0 0 0 0 0 0 0 0 0 0
PD13164a 0.7088246 0 0.07177088 0.1784173 0 0 0 0 0 0 0 0 0
PD13767a 0.6462214 0.1180989 0 0 0 0.1833109 0 0 0 0 0 0 0
PD8623a 0.7749778 0 0 0.2031954 0 0 0 0 0 0 0 0 0
PD11383a 0.9019186 0 0 0.08849911 0 0 0 0 0 0 0 0 0
PD18733a 0.2381391 0 0 0 0 0 0.1552949 0 0.2781566 0.09816226 0 0.196087 0
PD4266a 0.626114 0.2638459 0 0 0 0 0 0 0 0 0 0.07537331 0
PD4613a 0.5600623 0.1671456 0.1133545 0.1594375 0 0 0 0 0 0 0 0 0
PD6045a 0.6683083 0.2079314 0 0 0 0 0 0 0.1237603 0 0 0 0
PD7207a 1 0 0 0 0 0 0 0 0 0 0 0 0
PD7341a 0.7704381 0 0.1296111 0.09995078 0 0 0 0 0 0 0 0 0
PD13166a 0.597252 0 0 0.09883532 0 0 0 0 0 0.228742 0 0 0
PD11402a 0.9479783 0 0 0 0 0 0 0 0 0 0 0 0
PD9582a 1 0 0 0 0 0 0 0 0 0 0 0 0
PD11337a 0.3258417 0 0.0768332 0 0 0.08178693 0 0 0.3679338 0.09678585 0 0 0
PD18754a 0.7690073 0.140185 0 0 0 0 0.09080774 0 0 0 0 0 0
PD6721a 1 0 0 0 0 0 0 0 0 0 0 0 0
PD6732b 0.4066134 0 0.1179307 0 0 0.4248009 0 0 0 0 0 0 0
PD9541a 0.8880874 0.07256163 0 0 0 0 0 0 0 0 0 0 0
PD11338a 1 0 0 0 0 0 0 0 0 0 0 0 0
PD11352a 0.8908928 0.104587 0 0 0 0 0 0 0 0 0 0 0
PD11375a 0.9605615 0 0 0 0 0 0 0 0 0 0 0 0
PD13607a 0.9644976 0 0 0 0 0 0 0 0 0 0 0 0
PD6046a 0.9362497 0.06375028 0 0 0 0 0 0 0 0 0 0 0
PD9584a 0.6515614 0 0 0.1753624 0 0 0 0 0 0.0973811 0 0 0
PD11394a 1 0 0 0 0 0 0 0 0 0 0 0 0
PD14471a 0.7139426 0 0 0.09866153 0 0 0 0 0.1508303 0 0 0 0
PD18251a 0.6907466 0 0 0.280511 0 0 0 0 0 0 0 0 0
PD13167a 0.8812993 0 0 0.08395965 0 0 0 0 0 0 0 0 0
PD14472a 0.73315 0 0 0 0 0 0 0 0.09093338 0 0 0.1358748 0
PD11761a 0.4885435 0.1515093 0 0 0 0 0 0 0 0.1094285 0 0.1388346 0
PD3989a 0.6896394 0 0 0 0 0.1850454 0 0 0 0 0 0 0.0962909
PD4970a 0.5201813 0 0 0 0 0.206341 0 0 0.208015 0 0 0 0
PD18188a 1 0 0 0 0 0 0 0 0 0 0 0 0
PD18756a 0.956075 0 0 0 0 0 0 0 0 0 0 0 0
PD4076a 1 0 0 0 0 0 0 0 0 0 0 0 0
PD6418a 0.8591312 0 0 0 0 0 0 0 0 0 0 0.1146371 0
PD7238a 1 0 0 0 0 0 0 0 0 0 0 0 0
PD9761a 0.6649103 0 0 0 0 0 0 0 0.1124381 0.2037039 0 0 0
PD11462a 0.6200249 0 0.06558078 0 0.07759885 0 0 0 0 0.2264976 0 0 0
PD13756a 0.8339058 0 0 0 0 0 0 0 0 0 0 0.154258 0
PD13758a 0.7356348 0 0 0.2106464 0 0 0 0 0 0 0 0 0
PD18768a 0.7730617 0 0 0 0 0.1720094 0 0 0 0 0 0 0
PD13168a 0.7007355 0 0 0.0672208 0 0 0 0 0 0.2156296 0 0 0
PD13755a 0.2947014 0 0 0 0 0.4395461 0 0 0.2657525 0 0 0 0
PD18730a 0.5610487 0.2198218 0.1173386 0 0 0 0 0 0.1017909 0 0 0 0
PD5961a 0.98204 0 0 0 0 0 0 0 0 0 0 0 0
PD18047a 1 0 0 0 0 0 0 0 0 0 0 0 0
PD18257a 0.9605206 0 0 0 0 0 0 0 0 0 0 0 0
PD13420a 0.9358637 0 0 0 0 0 0 0 0 0 0 0 0
PD13426a 0.4411393 0.06149148 0 0 0 0.4347602 0 0 0 0 0 0 0
PD4951a 0.6010356 0 0.1309476 0.2680169 0 0 0 0 0 0 0 0 0
PD6728b 0.5649178 0.06415557 0 0.3282187 0 0 0 0 0 0 0 0 0
PD9847a 0.3888829 0 0 0 0 0.342349 0 0 0.1076405 0.1611276 0 0 0
PD11396a 0.9002419 0 0 0 0 0 0 0 0.09975814 0 0 0 0
PD11757a 0.2620914 0 0.1530228 0.5848859 0 0 0 0 0 0 0 0 0
PD4971a 0.936235 0 0 0 0 0 0 0 0 0 0 0 0
PD13306a 0.9216509 0.07834908 0 0 0 0 0 0 0 0 0 0 0
PD13754a 0.4441228 0 0 0.4082903 0.07657941 0 0 0 0 0 0 0 0
PD11740a 0.557226 0 0 0 0.07862599 0.195798 0 0 0.1683501 0 0 0 0
PD6416a 0.3267404 0 0.1359597 0.2668009 0.1239893 0 0 0 0 0 0 0 0
PD5944a 0.9754685 0 0 0 0 0 0 0 0 0 0 0 0
PD8828a 0.5341181 0.1106293 0.108992 0 0 0.2370712 0 0 0 0 0 0 0
PD11341a 0.8831358 0.06738541 0 0 0 0 0 0 0 0 0 0 0
PD11347a 0.9405923 0 0 0 0 0 0 0 0 0 0 0 0
PD18017a 0.9223903 0 0 0.06778736 0 0 0 0 0 0 0 0 0
PD18751a 0.9262635 0 0 0 0 0 0 0 0 0.07373652 0 0 0
PD4264a 0.9197121 0.08028794 0 0 0 0 0 0 0 0 0 0 0
PD7204a 0.8347101 0 0 0 0 0 0 0 0 0.1605064 0 0 0
PD8612a 0.9813123 0 0 0 0 0 0 0 0 0 0 0 0
PD8617a 0.7621919 0 0 0.1798882 0 0 0 0 0 0 0 0 0
PD9065a 0.8995101 0 0 0 0 0 0 0 0 0 0 0 0
PD11744a 0.9202154 0 0 0 0 0 0 0 0 0 0 0 0
PD14432a 1 0 0 0 0 0 0 0 0 0 0 0 0
PD6016a2 0.5462576 0.1001679 0.07254872 0 0 0 0 0 0.1285634 0.1047918 0 0 0
PD6044a 0.9095249 0 0 0.0852615 0 0 0 0 0 0 0 0 0
PD7209a 0.98758 0 0 0 0 0 0 0 0 0 0 0 0
PD11361a 0.730918 0 0 0 0 0.2522485 0 0 0 0 0 0 0
PD11374a 0.6786 0 0 0.2853795 0 0 0 0 0 0 0 0 0
PD11398a 0.476336 0 0 0.1378896 0.2985628 0 0 0 0 0 0 0 0
PD13631a 0.9811649 0 0 0 0 0 0 0 0 0 0 0 0
PD7201a 0.4920482 0.1122296 0 0 0 0 0 0 0 0.2815476 0 0.1141746 0
PD9600a 0.7381378 0 0 0 0 0 0 0 0 0.2618622 0 0 0
PD9694a 1 0 0 0 0 0 0 0 0 0 0 0 0
PD9754a 0.6886956 0 0 0 0 0 0 0 0.2294751 0 0 0 0
PD11346a 0.4798353 0 0 0 0 0 0 0 0.2091687 0 0 0 0.1635915
PD11381a 0.8011187 0 0 0.1380517 0 0 0 0 0 0 0 0.06082962 0
PD13312a 0.8422765 0 0 0.1577235 0 0 0 0 0 0 0 0 0
PD13770a 0.9059638 0 0 0 0 0 0 0 0 0 0 0 0
PD14442a 0.6242613 0 0 0.2228432 0 0 0 0 0.09215035 0 0 0 0
PD14454a 0.6588574 0 0.09418091 0 0 0 0 0 0.08196076 0.1195869 0 0 0
PD4085a 0.7965973 0 0 0 0.1424466 0 0 0 0 0 0 0 0
PD4225a 0.8534331 0 0 0 0 0 0 0 0 0 0 0.108199 0
PD4985a 0.9007643 0 0 0 0 0 0 0 0 0 0 0 0
PD5953a 0.9557127 0 0 0 0 0 0 0 0 0 0 0 0
PD9579a 0 0.1407127 0 0 0 0.3140899 0 0 0.4946902 0 0 0 0
PD11765a 0.4690295 0 0.06372317 0 0 0.3755228 0 0 0 0 0 0 0
PD11818a 0.6510201 0 0 0 0 0.3271925 0 0 0 0 0 0 0
PD13422a 0.6715287 0 0 0.2287777 0 0 0 0 0.07163829 0 0 0 0
PD14459a 0.8140805 0.08048382 0 0 0 0 0.07324876 0 0 0 0 0 0
PD11389a 0.9608701 0 0 0 0 0 0 0 0 0 0 0 0
PD11766a 0.856475 0 0 0 0 0 0 0 0 0 0 0 0.07942908
PD13416a 1 0 0 0 0 0 0 0 0 0 0 0 0
PD18776a 0.5828874 0 0 0 0 0.256504 0 0 0 0.08071189 0 0 0
PD4267a 0.8218349 0 0.1232105 0 0 0 0 0 0 0 0 0 0
PD4605a 0.6736427 0 0 0.1328129 0 0 0 0 0 0.1343009 0 0 0
PD7322a 1 0 0 0 0 0 0 0 0 0 0 0 0
PD11355a 1 0 0 0 0 0 0 0 0 0 0 0 0
PD13304a 0.9508074 0 0 0 0 0 0 0 0 0 0 0 0
PD4069a 1 0 0 0 0 0 0 0 0 0 0 0 0
PD4986a 0.1597398 0 0 0.3830672 0.1419891 0 0 0.06120891 0 0 0 0.1078918 0.07750379
PD9544a 0.9652132 0 0 0 0 0 0 0 0 0 0 0 0
PD9755a 0.6125102 0 0 0 0 0 0 0 0 0.3726286 0 0 0
PD11385a 0.5967221 0 0 0.1479212 0 0 0 0 0 0 0 0.2302482 0
PD9843a 0.5904999 0 0 0 0 0.1997538 0 0 0 0 0 0.1297467 0
PD13618a 0.9443537 0 0 0 0 0 0 0 0 0 0 0 0
PD3851a 0.6509275 0.08160699 0 0.1786925 0 0 0 0 0 0 0 0 0
PD4086a 0.4066047 0 0.1884074 0 0.1334069 0 0 0 0 0 0 0.1775561 0
PD6711a2 0.3240713 0 0 0.07820175 0 0 0 0 0.5776528 0 0 0 0
PD7221a 0.8456845 0.1543155 0 0 0 0 0 0 0 0 0 0 0
PD11756a 0.07128769 0 0 0 0 0.4629734 0 0 0.3166702 0 0 0 0.1251615
PD11762a 0.5829144 0.07494618 0 0 0 0.1752243 0.09589647 0 0.07101867 0 0 0 0
PD6720a 0.6964682 0 0 0 0 0.07217868 0 0 0 0.2050576 0 0 0
PD9569a 0.5642416 0.06981194 0 0 0 0 0 0 0.178331 0 0 0.1366767 0
PD9570a 0.7983117 0.1085988 0 0 0.08197872 0 0 0 0 0 0 0 0
PD13629a 1 0 0 0 0 0 0 0 0 0 0 0 0
PD6466b 0.6630865 0 0 0 0 0 0 0 0 0.2896421 0 0 0
PD9193a 0.65353 0.09455962 0 0.1701664 0 0 0 0 0 0 0 0 0
PD14456a 1 0 0 0 0 0 0 0 0 0 0 0 0
PD18728a 0.7599743 0.06431814 0 0 0 0 0.1519171 0 0 0 0 0 0
PD4248a 0.5168875 0 0 0 0 0 0.07339625 0 0 0 0 0.305969 0
PD4261a 0.7874834 0 0 0 0 0 0 0 0 0.1350743 0 0.07744233 0
PD9578a 0.918859 0 0 0 0.07803861 0 0 0 0 0 0 0 0
PD9581a 0.9725576 0 0 0 0 0 0 0 0 0 0 0 0
PD8618a 0.9389621 0 0 0 0 0 0 0 0 0 0.06103786 0 0
PD13310a 0.8407041 0 0 0 0 0 0 0 0 0.1109254 0 0 0
PD13762a 1 0 0 0 0 0 0 0 0 0 0 0 0
PD14467a 0.7224948 0 0 0 0 0 0.07150799 0 0 0.1681634 0 0 0
PD17973a 0.9145808 0 0 0 0 0 0.08080571 0 0 0 0 0 0
PD18771a 0.9889433 0 0 0 0 0 0 0 0 0 0 0 0
PD7203a 0.6404577 0.2201481 0 0 0 0 0 0.1180452 0 0 0 0 0
PD8981a 0.8545443 0 0 0 0 0 0 0 0 0 0 0.1306557 0
PD17994a 0.393892 0.1724203 0 0 0 0 0 0 0.404293 0 0 0 0
PD6041a 0.2118174 0 0 0 0 0.2798783 0 0 0.3754457 0 0 0.1328586 0
PD6417a 1 0 0 0 0 0 0 0 0 0 0 0 0
PD9577a 0.8729869 0 0 0 0 0 0 0 0 0.1270131 0 0 0
PD11741a 0.7990164 0 0 0.132128 0 0 0 0 0 0 0 0 0
PD4981a 1 0 0 0 0 0 0 0 0 0 0 0 0
PD4983a 0.2963179 0 0 0 0 0.6265563 0 0 0 0 0 0 0
PD7218a 1 0 0 0 0 0 0 0 0 0 0 0 0
PD9573a 1 0 0 0 0 0 0 0 0 0 0 0 0
PD9589a 0.8416085 0.136785 0 0 0 0 0 0 0 0 0 0 0
PD11384a 0.8072599 0 0 0 0 0 0 0 0 0.1927401 0 0 0
PD18116a 0.8162356 0.07304358 0 0 0 0 0 0 0 0 0 0.07702114 0
PD4982a 0.8216315 0.08907437 0 0 0 0 0 0 0 0 0 0.07846984 0
PD7214a 0.9603583 0 0 0 0 0 0 0 0 0 0 0 0
PD13761a 1 0 0 0 0 0 0 0 0 0 0 0 0
PD14458a 1 0 0 0 0 0 0 0 0 0 0 0 0
PD4088a 0.9856336 0 0 0 0 0 0 0 0 0 0 0 0
PD4194a 0.3807371 0 0 0 0 0.2195546 0 0 0.06287386 0.2541373 0 0.08269707 0
PD5950a 0.8951906 0 0 0 0 0 0 0 0 0.1048094 0 0 0
PD9591a 0.9324936 0 0 0 0 0 0 0 0 0 0 0 0
PD11769a 0.670963 0 0 0 0 0 0 0 0.2622524 0 0 0 0
PD14439a 0.7714111 0 0 0 0 0 0 0 0 0.2285889 0 0 0
PD14450a 0.2484298 0.09341962 0 0 0 0.188605 0 0 0.06610292 0.3838153 0 0 0
PD5947a 0.7833503 0 0 0 0 0 0 0 0.1979425 0 0 0 0
PD9067a 0.9321431 0 0 0 0 0 0 0 0 0 0 0 0
PD18100a 0.7290261 0 0 0 0 0 0 0 0.1231853 0.1477887 0 0 0
PD14473a 1 0 0 0 0 0 0 0 0 0 0 0 0
PD7210a 1 0 0 0 0 0 0 0 0 0 0 0 0
PD8622a 0.4125678 0 0 0 0 0.5689409 0 0 0 0 0 0 0
PD11819a 1 0 0 0 0 0 0 0 0 0 0 0 0
PD13427a 0.9961162 0 0 0 0 0 0 0 0 0 0 0 0
PD14461a 0.8620536 0 0 0 0 0 0 0 0 0 0 0.1379464 0
PD17991a 0.9678099 0 0 0 0 0 0 0 0 0 0 0 0
PD18269a 0.2861906 0 0 0.1569608 0 0.2163372 0 0 0 0 0.1659598 0 0.1292413
PD8614a 0.9624979 0 0 0 0 0 0 0 0 0 0 0 0
PD9574a 0.7816677 0 0 0 0 0 0 0 0 0.1689178 0 0 0
PD14468a 0.8656024 0 0 0 0 0 0 0 0 0.09168618 0 0 0
PD7304a 0.7852308 0.06641168 0 0.1222245 0 0 0 0 0 0 0 0 0
PD8999a 0.8838419 0 0 0.09642301 0 0 0 0 0 0 0 0 0
PD9593a 0.6525414 0 0 0 0 0.3391495 0 0 0 0 0 0 0
PD18022a 0.9536623 0 0 0 0 0 0 0 0 0 0 0 0
PD7199a 0.8729306 0 0 0.1266047 0 0 0 0 0 0 0 0 0
PD13768a 0.8289988 0 0 0 0 0 0 0 0 0.06973693 0 0.06523155 0
PD5964a 0.9923439 0 0 0 0 0 0 0 0 0 0 0 0
PD13605a 0.7283181 0 0 0 0 0.2157127 0 0 0 0 0 0 0
PD18775a 1 0 0 0 0 0 0 0 0 0 0 0 0
PD4969a 0.1822339 0 0 0.1777807 0 0 0 0 0.5520989 0 0 0 0
PD11370a 0.6052562 0 0 0 0 0.1615615 0 0 0.1774104 0 0 0 0
PD9606a 0.5999801 0 0 0 0 0.07725456 0.07586503 0.07088874 0 0 0 0.06242291 0.1135887
PD11391a 0.9189391 0 0 0 0 0 0 0 0 0 0 0 0
PD13419a 0.4897648 0 0 0 0 0 0 0 0.3570721 0.1531631 0 0 0
PD13626a 0.9215145 0 0 0 0 0 0 0 0.06972597 0 0 0 0
PD13757a 0.8778868 0.1221132 0 0 0 0 0 0 0 0 0 0 0
PD6414a 0.9492898 0 0 0 0 0 0 0 0 0 0 0 0
PD18101a 0.8766596 0 0 0 0 0 0 0 0 0 0.1233404 0 0
PD11767a 0.4666613 0 0 0 0.3291374 0 0 0 0 0.186821 0 0 0
PD4606a 0.8424754 0.06021207 0 0.09731251 0 0 0 0 0 0 0 0 0
PD18258a 1 0 0 0 0 0 0 0 0 0 0 0 0
PD4972a 0.8554766 0 0 0 0 0 0 0 0 0 0 0.1445234 0
PD9844a 0.1141764 0 0 0 0 0.5002259 0.1248827 0 0 0 0.1076688 0 0.1530462
PD7344a 0 0 0 0 0.4007668 0 0 0 0 0.5936355 0 0 0
