	Signature.1	Signature.2	Signature.13	Signature.3	Signature.8	Signature.5	Signature.18	Signature.17	Signature.6	Signature.15	Signature.20	Signature.26	Signature.30
SD0512 0.3041688 0.3830802 0.312751 0 0 0 0 0 0 0 0 0 0
SD0817 0.42984 0.3134155 0.2567444 0 0 0 0 0 0 0 0 0 0
SD1578 1 0 0 0 0 0 0 0 0 0 0 0 0
SD0356 0.2814795 0.2568475 0.4564307 0 0 0 0 0 0 0 0 0 0
SD0391 0.3877838 0.2259713 0.3862449 0 0 0 0 0 0 0 0 0 0
SD0436 0.3056301 0.3605562 0.3338137 0 0 0 0 0 0 0 0 0 0
SD0496 0.3797772 0.3780842 0.2421386 0 0 0 0 0 0 0 0 0 0
SD0449 0.3502155 0.2481913 0.2785387 0 0 0 0 0 0 0 0 0 0.07236967
SD0439 0.3893592 0.3722514 0.2383894 0 0 0 0 0 0 0 0 0 0
SD0216 0.2507768 0.1567874 0.1273318 0 0 0.3670742 0 0 0 0 0 0 0
SD0731 0.4495283 0.275734 0.2396486 0 0 0 0 0 0 0 0 0 0
SD0864 0.339764 0.4011088 0.2591272 0 0 0 0 0 0 0 0 0 0
SD0017 0.4323203 0.3181841 0.2420443 0 0 0 0 0 0 0 0 0 0
SD1255 0.4721985 0.3541698 0.1736317 0 0 0 0 0 0 0 0 0 0
SD0812 0.4674338 0 0 0.3258151 0.153944 0 0 0 0 0 0 0 0
SD1190 0.3645331 0 0.09556717 0.1827542 0.1561842 0 0 0 0 0.06853755 0 0.1248752 0
SD1373 0.3066084 0.2672456 0.198681 0.2166559 0 0 0 0 0 0 0 0 0
SD1123 0.4015423 0 0 0 0 0 0 0.5984577 0 0 0 0 0
SD0263 0.4995828 0.2780331 0.2223841 0 0 0 0 0 0 0 0 0 0
SD0824 0.1942787 0 0 0.5522068 0 0 0 0 0 0.162858 0 0 0
SD1571 0.4433999 0.3679305 0.1886696 0 0 0 0 0 0 0 0 0 0
SD0683 0.3205313 0 0.0829566 0.5628392 0 0 0 0 0 0 0 0 0
SD1064 0.316795 0.3721985 0.2447863 0 0 0 0 0 0 0 0 0 0
SD1051 0.4160693 0 0.06014149 0.4731193 0 0 0 0 0 0 0 0 0
SD1518 0.4787311 0 0 0.4236292 0 0.08693516 0 0 0 0 0 0 0
SD1240 0.2497746 0.1207351 0.183237 0.3369992 0 0 0 0 0 0.08313133 0 0 0
SD0128 0.4972873 0 0.06438066 0.310905 0 0 0 0 0.102638 0 0 0 0
SD0061 0.3485401 0.3377547 0.3008622 0 0 0 0 0 0 0 0 0 0
SD1389 0.6133193 0.2659355 0.1207452 0 0 0 0 0 0 0 0 0 0
SD0632 0.3670776 0.2074858 0.4254366 0 0 0 0 0 0 0 0 0 0
SD1349 0.2145577 0.1747881 0.2271557 0.340047 0 0 0 0 0 0 0 0 0
SD0757 0.2658016 0.1081989 0.09709809 0.4919969 0 0 0 0 0 0 0 0 0
SD0260 0.4242497 0.1234466 0.3138095 0.1384942 0 0 0 0 0 0 0 0 0
SD0454 0.3457795 0.200538 0.1863592 0.1630648 0 0 0.1042585 0 0 0 0 0 0
SD0876 0.5407967 0.2611752 0.1980281 0 0 0 0 0 0 0 0 0 0
SD0352 0.4607607 0.3000458 0.1622312 0.07696235 0 0 0 0 0 0 0 0 0
SD1013 0.5501243 0.1649496 0.2551443 0 0 0 0 0 0 0 0 0 0
SD0037 0.5011809 0.4118586 0.08696055 0 0 0 0 0 0 0 0 0 0
SD0905 0.388775 0.3217004 0.2424966 0 0 0 0 0 0 0 0 0 0
SD0278 0.4038095 0 0 0.4907973 0 0 0 0 0 0 0 0 0
SD1436 0.5232013 0 0.1726759 0.182805 0 0 0 0 0 0.06972919 0 0 0
SD0450 0.2393373 0 0 0.3216918 0 0.1802483 0 0 0.1300232 0 0 0 0
SD1103 0.6031107 0.1360786 0.2608107 0 0 0 0 0 0 0 0 0 0
SD1195 0.8160081 0.1699337 0 0 0 0 0 0 0 0 0 0 0
SD0164 0.4783997 0.343128 0.1784723 0 0 0 0 0 0 0 0 0 0
SD1521 0.3278234 0.2460892 0.4260874 0 0 0 0 0 0 0 0 0 0
SD0899 0.5263156 0.4612991 0 0 0 0 0 0 0 0 0 0 0
SD0507 0.6704552 0 0 0.322311 0 0 0 0 0 0 0 0 0
SD0028 0.3243708 0 0 0.4988512 0 0 0 0 0 0 0 0 0
SD0516 0.2892325 0.07140912 0 0.3520076 0 0.1722395 0.08375624 0 0 0 0 0 0
SD0863 0.4112619 0.5355429 0 0 0 0 0 0 0 0 0 0 0
SD1225 0.2839251 0.06481507 0.1187731 0.1341829 0 0.3983037 0 0 0 0 0 0 0
SD0457 0.4416165 0 0 0.2923042 0 0 0 0 0 0.1275766 0 0 0
SD0477 0.4106477 0.2358934 0.2480332 0 0 0 0 0 0 0.1054257 0 0 0
SD0970 0.283159 0.392396 0.2696795 0 0 0 0 0 0 0 0 0 0
SD1545 0.4414944 0.3217133 0.2367923 0 0 0 0 0 0 0 0 0 0
SD1062 0.3530343 0.2059954 0.2623123 0.06439398 0 0 0 0 0 0 0 0.114264 0
SD0375 0.6831009 0 0 0.3161697 0 0 0 0 0 0 0 0 0
SD0144 0.481712 0 0 0.4175636 0 0 0 0 0.06238976 0 0 0 0
SD0599 0.7103871 0 0.1045048 0 0 0 0 0 0 0.1252771 0 0 0
SD1431 0.3443052 0 0.2278866 0.226156 0 0 0.07455781 0 0 0.0986066 0 0 0
SD0126 0.2472485 0 0.1371239 0.5187462 0 0 0 0 0.0968814 0 0 0 0
SD1248 0.4831521 0 0 0.448623 0 0 0 0 0 0 0 0 0
SD0054 0.1212852 0 0.06572464 0 0 0.3226286 0 0 0.2072707 0.07264562 0 0 0
SD1184 0.3805315 0 0.08849405 0.4383462 0 0 0 0 0 0 0.06664384 0 0
SD0986 0.3347355 0 0.1271865 0.4519679 0 0 0 0 0 0 0 0 0
SD0693 0.4033382 0 0 0.1751277 0 0 0 0 0.3295428 0 0 0 0
SD1005 0.4301896 0 0 0.5376546 0 0 0 0 0 0 0 0 0
SD1572 0.6919841 0.2963723 0 0 0 0 0 0 0 0 0 0 0
SD0062 0.2635547 0.1185316 0.2006585 0.3650584 0 0 0 0 0 0 0 0 0
SD0951 0.2794212 0.09356131 0 0.3846581 0.1395512 0 0 0 0 0.07652277 0 0 0
SD0492 0.9444614 0 0 0 0 0 0 0 0 0 0 0 0
SD0177_Rt 0.3772451 0.3065355 0.2598138 0 0 0 0 0 0 0 0 0 0
SD0093 0.5073237 0.2806885 0.1262697 0.08571813 0 0 0 0 0 0 0 0 0
SD0403 0 0.1980867 0.2386977 0.3674616 0 0 0 0 0.1352462 0.06050787 0 0 0
SD0594 0.4407819 0 0 0.4252167 0 0 0 0 0 0.07922463 0 0 0
SD1544 0.627895 0.1856218 0.1864832 0 0 0 0 0 0 0 0 0 0
SD0423 0.5165646 0 0 0.2958344 0 0 0 0 0.08358799 0 0 0 0
SD0613 0.3724223 0.2943101 0.3191602 0 0 0 0 0 0 0 0 0 0
SD1406 0.5833515 0.4166485 0 0 0 0 0 0 0 0 0 0 0
SD0665 0.3431424 0 0 0.6143262 0 0 0 0 0 0 0 0 0
SD1198 0.4858856 0.2490261 0.1662061 0 0 0 0.06217047 0 0 0 0 0 0
SD0385 0.721701 0.278299 0 0 0 0 0 0 0 0 0 0 0
SD0884 0.9504219 0 0 0 0 0 0 0 0 0 0 0 0
SD1224 0.6116457 0.2150075 0.1336326 0 0 0 0 0 0 0 0 0 0
SD1036 0.4760269 0 0.1000595 0.2562752 0 0.1097786 0 0 0 0 0 0 0
SD1503 0.3988315 0.3125209 0.2000936 0.088554 0 0 0 0 0 0 0 0 0
SD1032 0.7015354 0.1482733 0.1330172 0 0 0 0 0 0 0 0 0 0
SD0354 0.4072698 0 0.0626727 0.241877 0.07764108 0 0 0 0 0.1774806 0 0 0
SD1447 0.3874442 0.1224894 0.1044895 0 0.2387419 0 0 0 0 0.146835 0 0 0
SD1489 0.5522412 0 0 0 0.08273875 0.2804316 0 0 0 0 0 0 0
SD1589 0.4429277 0.2041986 0.2557162 0.09715752 0 0 0 0 0 0 0 0 0
SD0372 0.2313644 0 0 0.4859926 0 0.07218865 0 0 0 0.1030923 0 0.09779366 0
SD1204 0.2935106 0.07911758 0 0.4425651 0 0 0.08758924 0 0 0 0 0 0
SD1284 1 0 0 0 0 0 0 0 0 0 0 0 0
SD1095 0.662789 0.07811079 0.09570808 0 0.1026102 0 0 0 0 0 0 0.06078198 0
SD1266 0.7375358 0.1767698 0.08569434 0 0 0 0 0 0 0 0 0 0
SD0342 0 0 0 0.7314377 0 0 0 0 0.1543376 0 0 0 0
SD1530 0.3128871 0 0.1145992 0.09470743 0 0.203498 0.0700205 0 0.1733053 0 0 0 0
SD1070 0.4934339 0.3498606 0.1567055 0 0 0 0 0 0 0 0 0 0
SD0271 0.6648178 0 0 0.256276 0 0 0 0 0 0 0 0 0
SD1247 0.5256426 0 0 0.3647462 0 0 0 0 0 0 0 0.09588079 0
SD0052 0.4674075 0.3353917 0.1972007 0 0 0 0 0 0 0 0 0 0
SD0442 1 0 0 0 0 0 0 0 0 0 0 0 0
SD0163 0.3570635 0 0 0.5052195 0 0 0 0 0 0 0 0 0
SD0195 0.4383854 0 0 0.409233 0 0 0 0 0 0 0 0.1523816 0
SD1169 0.8720607 0.108573 0 0 0 0 0 0 0 0 0 0 0
SD0983 0.1151367 0 0 0.2915125 0.1483738 0 0 0 0.1924492 0 0 0.1512857 0
SD1321 0.4827051 0 0.06824591 0.2664623 0.0833208 0 0 0 0 0 0 0.08742127 0
SD1238 0.6635639 0.2968521 0 0 0 0 0 0 0 0 0 0 0
SD0030 0.7534081 0.1741847 0.07240729 0 0 0 0 0 0 0 0 0 0
SD0954 0.7077618 0.2062705 0.08596772 0 0 0 0 0 0 0 0 0 0
SD0834 0.7356556 0.1227378 0 0 0 0 0 0 0 0 0 0.06865385 0
SD1259 0.5140149 0 0 0.397061 0 0 0 0 0 0 0 0 0
SD0176 1 0 0 0 0 0 0 0 0 0 0 0 0
SD0060 0.9401272 0 0 0 0 0 0 0 0 0 0 0 0
SD0399_Lt 0.3804045 0.3421428 0.1662615 0 0 0 0.1111912 0 0 0 0 0 0
SD0781 0.279122 0 0 0.5371055 0 0 0 0 0 0 0 0 0.1087093
SD1539 0.9489172 0 0 0 0 0 0 0 0 0 0 0 0
SD0532 0.5687348 0 0 0.2786286 0 0 0 0 0 0 0 0 0
SD0895 0.6887931 0 0 0.2852463 0 0 0 0 0 0 0 0 0
SD0533 0.7750752 0.167474 0 0 0 0 0 0 0 0 0 0 0
SD0023 1 0 0 0 0 0 0 0 0 0 0 0 0
SD0050 0.4228921 0.2270231 0.2308706 0 0 0 0 0 0 0 0 0 0.06365068
SD0225 0.8625961 0 0 0 0 0 0 0.1211707 0 0 0 0 0
SD0248 0.2644646 0.1961468 0.2757403 0 0 0 0 0 0 0 0 0 0.1938293
SD0269 0.6733793 0.2604784 0.06614227 0 0 0 0 0 0 0 0 0 0
SD0901 0.5753092 0 0.1277339 0.2693601 0 0 0 0 0 0 0 0 0
SD0012 0.6814615 0.1388134 0.1797251 0 0 0 0 0 0 0 0 0 0
SD0079 0.9509784 0 0 0 0 0 0 0 0 0 0 0 0
SD0089 0.8746229 0 0 0.1094084 0 0 0 0 0 0 0 0 0
SD0368 0.852383 0 0 0 0 0 0 0 0 0.147617 0 0 0
SD0538 0.4095396 0.2514851 0.2614122 0 0 0 0 0 0 0 0 0 0
SD0155 0.1201814 0.08207383 0.08254216 0.6650314 0 0 0 0 0 0 0 0 0
SD1522 0.465194 0.06702378 0 0.06097272 0.3814604 0 0 0 0 0 0 0 0
SD0949_Lt 0.6274768 0.2280181 0.144505 0 0 0 0 0 0 0 0 0 0
SD1408 1 0 0 0 0 0 0 0 0 0 0 0 0
SD1378 0 0 0 0.1989611 0.440023 0 0 0 0.3106414 0 0 0 0
SD0032 0.6313576 0 0 0.3634186 0 0 0 0 0 0 0 0 0
SD0799 0.5939826 0 0 0.338918 0 0 0 0 0 0 0 0 0
SD0261 0.5943322 0.1601119 0.1763919 0 0 0 0.06916402 0 0 0 0 0 0
SD0311 0.6074016 0 0 0.3877838 0 0 0 0 0 0 0 0 0
SD1583 0.3550306 0 0 0.321263 0 0 0 0 0 0 0 0.2705839 0
SD0063 0.6070472 0.1803544 0 0.07774928 0 0 0 0 0 0 0 0.08081031 0
SD0891 0.8187538 0 0.127939 0 0 0 0 0 0 0 0 0 0
SD1465 0.7702764 0 0.1831388 0 0 0 0 0 0 0 0 0 0
SD1496 0.5709527 0 0 0.3799311 0 0 0 0 0 0 0 0 0
SD1532 0.8140074 0 0.1154815 0 0 0 0 0 0 0 0 0 0.0705111
SD0059 0.5903896 0 0 0.350719 0 0 0 0 0 0 0 0 0
SD0081 0.9790997 0 0 0 0 0 0 0 0 0 0 0 0
SD0399_Rt 0.7126438 0.2786515 0 0 0 0 0 0 0 0 0 0 0
SD0971 0.9541805 0 0 0 0 0 0 0 0 0 0 0 0
SD1250 0.8636248 0 0 0.1339997 0 0 0 0 0 0 0 0 0
SD1507 0.6342202 0 0 0.255807 0 0 0 0 0 0 0 0 0
SD0033 0.1399931 0 0 0.407215 0 0 0 0 0.1718635 0.1317006 0 0.1492277 0
SD0224 1 0 0 0 0 0 0 0 0 0 0 0 0
SD0536 0.2992515 0 0 0.2913801 0 0 0 0 0.3858815 0 0 0 0
SD0721 0.2940576 0 0 0.5973065 0 0 0 0 0 0 0 0.1086359 0
SD0847 0.8324408 0 0 0 0 0 0 0 0.106255 0 0 0 0
SD0804 0.4765553 0.2103589 0.1813528 0 0 0 0 0 0 0.1060905 0 0 0
SD0888 0.5783401 0.107402 0.1572767 0 0 0 0.06907091 0 0 0.08791029 0 0 0
SD1265 0.7779138 0 0 0 0 0 0 0 0 0 0 0.08230703 0
SD1031 0.9400481 0 0 0 0 0 0 0 0 0 0 0 0
SD0083 0.5696218 0 0 0.3499548 0 0 0 0 0 0 0 0 0
SD0287 0.648533 0 0 0.08298378 0 0 0 0 0 0 0 0.2357651 0
SD0386 0.7637023 0 0 0.2285635 0 0 0 0 0 0 0 0 0
SD0560 0.7096343 0.1571037 0.133262 0 0 0 0 0 0 0 0 0 0
SD0998 0.8329053 0 0 0 0 0 0 0 0 0.1528785 0 0 0
SD1182 0.7651936 0 0 0.2348064 0 0 0 0 0 0 0 0 0
SD1365 0.7227479 0.1850077 0.09224438 0 0 0 0 0 0 0 0 0 0
SD0329 0.7237989 0.1618357 0.1143654 0 0 0 0 0 0 0 0 0 0
SD0459 1 0 0 0 0 0 0 0 0 0 0 0 0
SD0896 0.3103952 0 0 0.4709883 0.06740971 0 0 0 0 0 0 0.07127492 0
SD1199 0.3361597 0 0 0.3585915 0 0.1584283 0 0 0.1081851 0 0 0 0
SD0090 0.9943046 0 0 0 0 0 0 0 0 0 0 0 0
SD0705 0.7950265 0.1427185 0 0 0 0 0 0 0 0.06225494 0 0 0
SD0708 1 0 0 0 0 0 0 0 0 0 0 0 0
SD1174 0.7668243 0.1813714 0 0 0 0 0 0 0 0 0 0 0
SD1043 0.2521746 0 0 0.6814624 0 0 0 0 0 0 0 0 0
SD1456 0.7696018 0 0.06960796 0 0.1309374 0 0 0 0 0 0 0 0
SD1464 0.3774495 0.4577456 0.1375174 0 0 0 0 0 0 0 0 0 0
SD0141 0.2535526 0 0 0.5758329 0 0 0 0 0 0.06415513 0 0.1064594 0
SD0221 0.9887365 0 0 0 0 0 0 0 0 0 0 0 0
SD0714 1 0 0 0 0 0 0 0 0 0 0 0 0
SD0997 0.6363295 0.08561266 0 0.2383662 0 0 0 0 0 0 0 0 0
SD1023 1 0 0 0 0 0 0 0 0 0 0 0 0
SD1302 0.8374668 0.1523648 0 0 0 0 0 0 0 0 0 0 0
SD0427 0.7707519 0 0 0 0 0 0.1111231 0 0.101836 0 0 0 0
SD1054 0.3746413 0 0.1870926 0.3229822 0 0 0 0 0 0 0 0 0
SD1458 0.856804 0 0 0.1258201 0 0 0 0 0 0 0 0 0
SD0027 0.3726115 0 0.1564692 0 0 0.3599287 0 0 0 0 0.08611471 0 0
SD0316 0.1573987 0 0 0 0.2852082 0 0 0 0.06879196 0.3687309 0 0 0
SD1229 0.6266926 0 0 0 0 0.3444575 0 0 0 0 0 0 0
SD1232 1 0 0 0 0 0 0 0 0 0 0 0 0
SD1391 0.5757881 0 0.1524897 0 0 0 0 0 0 0.2152502 0 0 0
SD0464 0.8206141 0 0 0.1793859 0 0 0 0 0 0 0 0 0
SD0889 0.8974692 0 0 0 0 0 0 0 0 0.1025308 0 0 0
SD1120 0.6274223 0 0 0.255671 0 0 0 0 0.08778609 0 0 0 0
SD1418 0.8646699 0 0 0 0 0 0 0 0 0.1353301 0 0 0
SD1201 1 0 0 0 0 0 0 0 0 0 0 0 0
SD1476 0.6770747 0 0 0 0 0 0.1111552 0 0 0.1125266 0 0 0
SD0018 0.9874911 0 0 0 0 0 0 0 0 0 0 0 0
SD0108 0.8838187 0 0.06719943 0 0 0 0 0 0 0 0 0 0
SD0272 0.7646692 0.1377922 0 0 0 0 0 0 0 0 0 0 0
SD0545 0.709727 0.249829 0 0 0 0 0 0 0 0 0 0 0
SD1457 0.8062199 0.08490364 0 0 0 0 0 0.1065479 0 0 0 0 0
SD0315 0.7596767 0.09817322 0 0.09379941 0 0 0 0 0 0 0 0 0
SD0949_Rt 0.9128676 0 0 0 0 0 0 0 0 0 0 0 0
SD1078 0.4777777 0.09512512 0.1683094 0.167528 0 0 0.0912598 0 0 0 0 0 0
SD1462 0.5625242 0.317155 0.1203209 0 0 0 0 0 0 0 0 0 0
SD0066 0.6899441 0.1518748 0.1114849 0 0 0 0 0 0 0 0 0 0
SD0124 0.5198553 0 0.06461956 0.2764018 0 0 0 0 0 0.1211256 0 0 0
SD0360 0.4686707 0 0 0.4314144 0 0 0 0 0 0.08017064 0 0 0
SD1519 0.7124372 0 0 0 0 0 0.1242742 0 0 0.1155027 0 0 0
SD0422 0.7656866 0 0 0.1259699 0 0 0 0 0 0 0 0 0
SD0902 1 0 0 0 0 0 0 0 0 0 0 0 0
SD1598 0.4465368 0 0.2269831 0 0 0.1805263 0 0 0 0 0 0 0.06977212
SD0374 0.812357 0.1213006 0.06634237 0 0 0 0 0 0 0 0 0 0
SD0682 0.7563777 0 0 0 0 0 0 0 0 0.1604762 0 0.06040883 0
SD1060 0.9864237 0 0 0 0 0 0 0 0 0 0 0 0
SD1183 0.4670924 0 0 0.407864 0 0.07266827 0 0 0 0 0 0 0
SD1223 1 0 0 0 0 0 0 0 0 0 0 0 0
SD1264 0.5390414 0 0.1440005 0.2631797 0 0 0 0 0 0 0 0 0
SD1392 0.8189685 0.1566606 0 0 0 0 0 0 0 0 0 0 0
SD0825 1 0 0 0 0 0 0 0 0 0 0 0 0
SD1066 0.5230692 0 0.09393798 0.1341048 0 0 0 0 0.1340448 0 0 0 0.1148432
SD0711 0.7488917 0 0 0.1489409 0 0 0 0 0 0 0 0 0
SD0883 1 0 0 0 0 0 0 0 0 0 0 0 0
SD0892 0.6812567 0 0 0 0 0.2597992 0 0 0 0 0 0 0
SD0973 0.6775342 0 0.08079536 0.2416704 0 0 0 0 0 0 0 0 0
SD1110 1 0 0 0 0 0 0 0 0 0 0 0 0
SD0432 0.6115555 0 0 0.1405638 0 0 0 0.07181255 0.1208094 0 0 0 0
SD0800 0.9448474 0 0 0 0 0 0 0 0 0 0 0 0
SD1427 0.9149058 0 0 0 0 0 0 0 0 0 0 0 0
SD0082 0.784458 0.1469017 0 0 0 0 0 0 0 0 0 0 0
SD0171 0.4335164 0 0 0 0.1349134 0 0.1176001 0 0.2902346 0 0 0 0
SD0237 0.768679 0 0 0 0 0 0 0 0 0 0 0.1548288 0
SD1576 1 0 0 0 0 0 0 0 0 0 0 0 0
SD1591 0.6021502 0 0 0 0.3125101 0 0 0 0 0 0 0 0
SD1595 0.8460281 0 0 0.09400959 0 0 0 0 0 0 0 0 0
SD0552 0.9982917 0 0 0 0 0 0 0 0 0 0 0 0
SD0735 0.9876616 0 0 0 0 0 0 0 0 0 0 0 0
SD1180 0.3639748 0 0 0.2447936 0 0 0 0 0.3396238 0 0 0 0
SD1261 0.6974493 0.2340995 0 0 0 0 0 0 0 0 0 0 0
SD0695 1 0 0 0 0 0 0 0 0 0 0 0 0
SD0787 0.8087216 0.143079 0 0 0 0 0 0 0 0 0 0 0
SD1343 0.4249043 0.07806095 0.2139768 0.1972875 0 0 0 0 0 0 0 0 0.08577041
SD1388 0.8439761 0.08036968 0 0 0 0 0.07565422 0 0 0 0 0 0
SD0068 1 0 0 0 0 0 0 0 0 0 0 0 0
SD0482 0.6309286 0 0 0 0 0 0.0881454 0 0 0.2573746 0 0 0
SD0848 1 0 0 0 0 0 0 0 0 0 0 0 0
SD0859 0.5930754 0.2002515 0.1008281 0 0 0 0 0 0 0.09221348 0 0 0
SD0872 0.8952458 0.06228036 0 0 0 0 0 0 0 0 0 0 0
SD0249 0.7692673 0.08861366 0 0 0 0 0 0 0 0.1421191 0 0 0
SD0702 0.7571592 0 0 0.1713191 0 0 0 0 0 0 0 0 0
SD1116 0.606402 0 0 0.296298 0 0 0.09729992 0 0 0 0 0 0
SD1352 0.8882309 0 0 0 0 0 0 0 0 0 0 0.08907545 0
SD1570 0.8627589 0.07674519 0 0 0 0 0 0 0 0 0 0 0
SD0069 0 0 0.09739988 0.4576969 0 0 0 0 0 0.2676137 0 0.1139129 0
SD0084 1 0 0 0 0 0 0 0 0 0 0 0 0
SD0506 0.7898608 0.07839125 0 0 0 0 0 0 0 0 0 0 0
SD0793 0.5890577 0 0 0.2704903 0 0 0 0 0 0 0 0.06107967 0
SD0916 0.6988416 0.124185 0.1769734 0 0 0 0 0 0 0 0 0 0
SD1575 0.6211028 0 0 0.3494218 0 0 0 0 0 0 0 0 0
SD0085 0.3486042 0.09648743 0.1360879 0 0 0.3553104 0 0 0 0 0 0 0
SD0104 0.9097824 0 0 0 0 0 0 0 0 0.06377366 0 0 0
SD0717 0.6723077 0 0 0.2330924 0 0 0 0 0 0 0 0 0
SD1163 0.8521254 0.1003951 0 0 0 0 0 0 0 0 0 0 0
SD1400 0.5739913 0 0 0 0.1329378 0 0 0 0.139607 0.129952 0 0 0
SD1422 0.7527444 0 0 0 0 0 0 0 0 0 0 0.1973228 0
SD1442 0.8705636 0 0 0 0 0 0 0 0 0.1294364 0 0 0
SD0441 0.6311621 0 0 0 0 0 0 0 0 0 0 0 0.3688379
SD0568 0.5654511 0 0 0 0 0 0 0.09968463 0 0.3116593 0 0 0
SD0042 0 0 0 0.4191917 0 0.177149 0 0 0.3184259 0 0 0.06195505 0
SD0276 1 0 0 0 0 0 0 0 0 0 0 0 0
SD0530 0.8270698 0 0 0.110396 0 0 0 0 0 0 0.06253414 0 0
SD1153 1 0 0 0 0 0 0 0 0 0 0 0 0
SD1542 0.8891516 0 0.06316916 0 0 0 0 0 0 0 0 0 0
SD0350 1 0 0 0 0 0 0 0 0 0 0 0 0
SD0388 0.9927268 0 0 0 0 0 0 0 0 0 0 0 0
SD0553 0.6455312 0.09979357 0 0 0 0 0 0 0 0.2152293 0 0 0
SD0561 0.785354 0 0 0 0 0 0 0 0 0.1678014 0 0 0
SD0590 0.5702025 0 0 0.203308 0 0 0 0 0.1386675 0 0 0.07419838 0
SD0802 0.9059066 0 0 0.07399742 0 0 0 0 0 0 0 0 0
SD1038 0.7407219 0 0 0 0 0 0 0 0 0.2454988 0 0 0
SD1100 1 0 0 0 0 0 0 0 0 0 0 0 0
SD1127 0.7682976 0 0 0 0 0 0 0 0 0.1949366 0 0 0
SD1469 0.5945756 0 0.1210062 0 0 0 0 0 0 0.1533353 0 0 0
SD0158 0.9105868 0 0 0 0 0 0 0 0 0 0 0 0
SD0270 0.8440816 0.06063913 0 0 0 0 0 0 0 0.08777858 0 0 0
SD0715 0.6986434 0 0 0 0 0.2845909 0 0 0 0 0 0 0
SD0756 1 0 0 0 0 0 0 0 0 0 0 0 0
SD0874 0.8229525 0 0 0 0 0 0 0 0 0.1770475 0 0 0
SD0989 0.6172386 0 0.08227784 0 0 0 0.1826408 0 0 0.1178428 0 0 0
SD1034 0.6510921 0 0 0 0 0 0 0 0 0.3232569 0 0 0
SD1132 0.6936223 0 0 0 0 0 0 0 0 0.3063777 0 0 0
SD1213 0.9522382 0 0 0 0 0 0 0 0 0 0 0 0
SD1344 0.8056644 0 0 0.1413833 0 0 0 0 0 0 0 0 0
SD1452 0.7664435 0 0 0 0 0.1629168 0 0 0 0 0 0 0
SD1486 0.6245822 0 0 0.2989065 0 0 0 0 0 0 0 0 0
SD0077 0.9189948 0 0 0 0 0 0 0 0 0 0 0.06715781 0
SD0143 0.8879341 0.1120659 0 0 0 0 0 0 0 0 0 0 0
SD0289 1 0 0 0 0 0 0 0 0 0 0 0 0
SD0373 0.894288 0 0 0 0 0 0 0 0 0 0 0.07808462 0
SD0636 1 0 0 0 0 0 0 0 0 0 0 0 0
SD0907 0.9523106 0 0 0 0 0 0 0 0 0 0 0 0
SD0910 0.770749 0 0 0 0.06563601 0 0 0 0 0 0 0.1519182 0
SD0952 0.639632 0 0 0 0 0 0 0 0.2654877 0 0 0 0
SD1186 0.8662102 0 0 0 0 0 0 0 0 0.1337898 0 0 0
SD1206 0.8167816 0.0921505 0 0 0 0 0.07798611 0 0 0 0 0 0
SD1380 0.5024894 0 0.07267993 0 0 0 0 0 0.2548031 0.1700276 0 0 0
SD0850 1 0 0 0 0 0 0 0 0 0 0 0 0
SD0904 0.4014213 0 0 0.2844725 0 0 0 0 0.2130411 0 0 0 0.1010652
SD1111 0.2590079 0.08217517 0 0 0 0.2348717 0.1760774 0 0.1436987 0 0 0.1041691 0
SD1257 0.8560338 0 0 0.1275638 0 0 0 0 0 0 0 0 0
SD1313 0.90303 0 0 0 0 0 0 0 0 0 0 0 0
SD0284 0.518002 0.1839756 0.1067423 0.085333 0 0 0 0 0 0 0.1059471 0 0
SD0660 1 0 0 0 0 0 0 0 0 0 0 0 0
SD0743 0.8001555 0.09511682 0.1047277 0 0 0 0 0 0 0 0 0 0
SD1084 1 0 0 0 0 0 0 0 0 0 0 0 0
SD1482 1 0 0 0 0 0 0 0 0 0 0 0 0
SD0072 0.9531396 0 0 0 0 0 0 0 0 0 0 0 0
SD0133 1 0 0 0 0 0 0 0 0 0 0 0 0
SD0339 0.7067375 0 0 0 0 0 0.0713959 0 0 0.07017399 0 0 0.1406941
SD0503 0.6469025 0 0 0.2564744 0 0 0.09662316 0 0 0 0 0 0
SD0821 0.9536438 0 0 0 0 0 0 0 0 0 0 0 0
SD1166 0.9244785 0.0755215 0 0 0 0 0 0 0 0 0 0 0
SD1402 0.8724193 0 0 0 0 0 0 0 0.08071001 0 0 0 0
SD0074 1 0 0 0 0 0 0 0 0 0 0 0 0
SD0418 1 0 0 0 0 0 0 0 0 0 0 0 0
SD0601 0.9133811 0 0 0 0 0 0 0 0 0.08661886 0 0 0
SD0881 0.4872959 0 0.06256654 0.1819417 0.07706999 0 0 0 0 0.1227034 0 0 0
SD0988 0.6478986 0 0 0 0.090815 0 0 0 0.2612864 0 0 0 0
SD1233 0.8385962 0 0 0 0 0 0 0 0.1028099 0 0 0 0
SD1440 0.5676696 0.1825835 0 0.1424343 0 0 0 0 0 0.1073126 0 0 0
SD1468 0.799807 0.07843957 0 0 0.1162362 0 0 0 0 0 0 0 0
SD1485 0.7889539 0 0 0 0 0 0 0 0 0.1543097 0 0 0
SD1537 0.8201211 0.06063322 0 0 0 0 0 0 0.1070131 0 0 0 0
SD1577 0.8210496 0 0 0 0 0 0 0 0 0.1662682 0 0 0
SD0048 1 0 0 0 0 0 0 0 0 0 0 0 0
SD0376 0.9209883 0 0 0 0 0 0 0 0 0.0790117 0 0 0
SD0816 0.822327 0.177673 0 0 0 0 0 0 0 0 0 0 0
SD0865 0.997936 0 0 0 0 0 0 0 0 0 0 0 0
SD0878 0.7376754 0 0 0 0.1006901 0 0 0 0.1616345 0 0 0 0
SD1263 0.7296609 0 0 0 0 0 0 0 0.2703391 0 0 0 0
SD1429 0.6378208 0.1117362 0 0 0 0 0 0 0.1439257 0 0 0.1065172 0
SD1445 0.7533127 0 0 0.1057974 0 0 0 0 0 0.08679838 0 0 0
SD0610 0.9895431 0 0 0 0 0 0 0 0 0 0 0 0
SD0734 0.7339012 0 0 0.2525408 0 0 0 0 0 0 0 0 0
SD0791 0.9034927 0 0 0 0 0 0 0 0 0 0 0 0
SD0898 1 0 0 0 0 0 0 0 0 0 0 0 0
SD1121 0 0 0 0.4400009 0.3964021 0 0 0.08103496 0 0 0 0 0.08256212
SD1459 0.893031 0 0 0 0 0 0 0 0 0.106969 0 0 0
SD1561 0.7045052 0 0 0 0 0 0 0 0 0 0 0.1576859 0
SD0034 0.6398045 0 0 0.2305187 0.07347966 0 0 0 0 0 0 0 0
SD0697 1 0 0 0 0 0 0 0 0 0 0 0 0
SD0761 0 0 0 0.2547147 0 0 0 0 0.6080566 0.09730204 0 0 0
SD0868 1 0 0 0 0 0 0 0 0 0 0 0 0
SD0937 0.6552909 0.193034 0 0 0 0 0 0 0 0.09395835 0 0 0
SD0943 0.1666385 0.09311503 0.1423522 0 0 0 0 0 0.3329084 0.1412411 0 0.1237449 0
SD1332 1 0 0 0 0 0 0 0 0 0 0 0 0
SD1466 0.4130264 0.1017864 0 0 0 0 0.07113246 0 0.4140547 0 0 0 0
SD1479 0.244703 0 0 0.3772783 0 0 0 0 0 0.1621701 0 0.1618187 0
SD1498 0.4953958 0.1060654 0 0.06652329 0 0 0 0.0607864 0.2116751 0 0 0 0
SD0088 0.7064399 0 0 0 0 0.1341719 0 0 0.1097884 0 0 0 0
SD0629 0.5608294 0 0 0 0 0 0 0 0 0.4037664 0 0 0
SD0927 0.5365198 0 0 0 0 0.4266563 0 0 0 0 0 0 0
SD1077 0.7547127 0 0 0 0 0 0 0 0 0.2452873 0 0 0
SD1197 0.8555777 0 0 0.1170701 0 0 0 0 0 0 0 0 0
SD1448 0.4771435 0.08384451 0.2826712 0 0 0 0.1175856 0 0 0 0 0 0
SD1590 0.7933187 0 0 0 0.114528 0 0 0 0 0 0 0 0
SD0214 0.5202905 0 0.141646 0 0 0 0 0 0.1279861 0 0 0 0.1716146
SD0297 0.8020357 0 0 0 0 0 0 0.06065716 0 0 0 0 0.1258116
SD0323 0.931716 0 0 0 0 0 0 0 0 0 0 0 0
SD0549 0.6486561 0 0 0 0 0.1392641 0 0 0.1656543 0 0 0 0
SD0659 0.9173648 0.08263519 0 0 0 0 0 0 0 0 0 0 0
SD0860 1 0 0 0 0 0 0 0 0 0 0 0 0
SD1057 1 0 0 0 0 0 0 0 0 0 0 0 0
SD1125 0.7562815 0 0 0 0 0 0 0 0 0.2437185 0 0 0
SD1287 0.4684056 0 0 0.4042948 0 0 0 0 0 0.1272996 0 0 0
SD1322 0.2387569 0 0 0 0 0 0 0 0.5505154 0.06336611 0 0 0.1071998
SD1403 0.5728554 0 0 0 0.2654323 0 0 0 0 0 0 0.1617124 0
SD1444 0.7723034 0 0 0 0 0 0 0 0.2276966 0 0 0 0
SD0142 1 0 0 0 0 0 0 0 0 0 0 0 0
SD0247 0.9865528 0 0 0 0 0 0 0 0 0 0 0 0
SD0299 1 0 0 0 0 0 0 0 0 0 0 0 0
SD0326 0.585216 0 0.1215095 0 0 0 0.07556758 0 0 0.1044704 0 0 0.07881276
SD0487 0.4662741 0 0.13143 0.08932308 0 0 0 0 0 0.3129728 0 0 0
SD0873 0.684313 0 0 0 0 0 0 0 0 0 0.2455178 0 0
SD0942 0.5405133 0 0 0 0.3215542 0 0 0 0 0 0 0 0
SD1203 0 0 0 0 0 0.3241841 0 0 0.5053741 0 0 0.1704418 0
SD1396 0 0 0 0.2196611 0 0.3435759 0.09492331 0 0.2150271 0 0 0 0.1013023
SD1491 0.367201 0 0 0 0 0.327855 0 0 0 0 0 0 0.2725883
SD0504 0.526062 0.1241646 0 0 0 0 0 0.1262088 0 0 0.1168726 0 0.07736569
SD0703 0.6390587 0 0 0 0 0.2007368 0 0 0.1419541 0 0 0 0
SD1025 0.2174798 0 0 0 0 0 0 0 0 0.75354 0 0 0
SD1200 0.7658347 0.0613066 0.09599561 0 0 0 0 0 0 0.0768631 0 0 0
SD1214 0.9905459 0 0 0 0 0 0 0 0 0 0 0 0
SD1387 0.4104536 0 0 0.1986905 0 0 0 0 0 0 0 0 0.2858738
SD1508 1 0 0 0 0 0 0 0 0 0 0 0 0
SD0014 0.6516666 0 0 0 0 0 0 0.08623895 0 0 0.2180484 0 0
SD0015 0.7823122 0 0 0 0 0 0 0 0 0.2161495 0 0 0
SD0078 0.5477788 0 0 0 0 0 0 0 0 0.4522212 0 0 0
SD0113 0.9693182 0 0 0 0 0 0 0 0 0 0 0 0
SD0177_Lt 0.1625003 0.1064439 0 0.2976804 0 0 0 0 0.2619806 0.07620301 0 0 0.0951918
SD0182 1 0 0 0 0 0 0 0 0 0 0 0 0
SD0404 1 0 0 0 0 0 0 0 0 0 0 0 0
SD0556 0.9181185 0 0 0 0 0 0 0 0 0 0 0 0
SD0886 0.5214255 0 0 0.1398415 0 0.0997221 0 0 0 0 0 0.1904447 0
SD0984 0.893118 0 0 0 0 0 0 0.106882 0 0 0 0 0
SD1226 0.9233337 0 0.07666629 0 0 0 0 0 0 0 0 0 0
SD1586 0.8548921 0 0 0 0 0 0 0 0.1451079 0 0 0 0
SD1012 0.9283352 0 0 0 0 0 0 0.07166485 0 0 0 0 0
SD1425 0.4843456 0 0 0 0 0 0 0 0.4384702 0.0771842 0 0 0
SD0131 0.5273255 0 0 0 0.16749 0 0 0 0 0.2871326 0 0 0
SD0218 0.9908795 0 0 0 0 0 0 0 0 0 0 0 0
SD0389 0.1994746 0 0 0.1597624 0 0 0 0 0.3788789 0 0 0 0.2021347
SD0569 1 0 0 0 0 0 0 0 0 0 0 0 0
SD0798 0.5609876 0 0.2317627 0 0.1527568 0 0 0 0 0 0 0 0
SD1350 0 0 0 0 0 0.398334 0 0 0.5091775 0 0 0 0
SD1382 1 0 0 0 0 0 0 0 0 0 0 0 0
SD1409 0.6009195 0 0 0.2387874 0 0 0 0.07706471 0 0.0832284 0 0 0
SD0106 0.4386859 0 0.1120951 0 0 0 0 0 0 0.449219 0 0 0
SD0259 0.9196786 0 0 0 0 0 0 0 0.08032136 0 0 0 0
SD0879 0.3643383 0.06606934 0 0.1569221 0 0 0.06513651 0 0 0.2605507 0 0 0
SD0917 1 0 0 0 0 0 0 0 0 0 0 0 0
SD1415 0.812479 0 0 0 0 0 0.07846177 0 0 0 0 0.1090593 0
SD1573 1 0 0 0 0 0 0 0 0 0 0 0 0
SD0281 1 0 0 0 0 0 0 0 0 0 0 0 0
SD0283 0.638616 0 0 0 0 0 0.08672786 0.1005784 0 0.1432358 0 0 0
SD0358 0.9392941 0 0 0 0 0 0 0 0 0 0 0 0
SD0623 0.9678898 0 0 0 0 0 0 0 0 0 0 0 0
SD0633 1 0 0 0 0 0 0 0 0 0 0 0 0
SD0740 1 0 0 0 0 0 0 0 0 0 0 0 0
SD0752 0.4216219 0 0 0 0 0 0 0 0 0 0.1927088 0.1419723 0.2192565
SD0788 1 0 0 0 0 0 0 0 0 0 0 0 0
SD0855_Rt 0.9848046 0 0 0 0 0 0 0 0 0 0 0 0
SD0893 1 0 0 0 0 0 0 0 0 0 0 0 0
SD0972 0.5995872 0 0 0.2296297 0 0 0 0 0 0 0 0.1707832 0
SD1269 0.9231884 0 0 0 0 0 0 0 0 0.07632878 0 0 0
SD1281 0.8920171 0.1079829 0 0 0 0 0 0 0 0 0 0 0
SD1398 1 0 0 0 0 0 0 0 0 0 0 0 0
SD1566 1 0 0 0 0 0 0 0 0 0 0 0 0
SD1588 0.822986 0 0 0.123743 0 0 0 0 0 0 0 0 0
SD0058 0.8477012 0.1522988 0 0 0 0 0 0 0 0 0 0 0
SD0134 0.1517225 0 0.1337469 0 0 0.3022151 0 0 0.2481133 0.07648368 0 0 0.08771843
SD0419 0.9926323 0 0 0 0 0 0 0 0 0 0 0 0
SD0792 0.7758252 0 0 0.154799 0 0 0 0 0 0 0 0 0
SD0861 1 0 0 0 0 0 0 0 0 0 0 0 0
SD0994 0.7822682 0 0 0 0 0 0 0 0 0.1305231 0 0 0
SD0995 0.9181958 0 0.08180421 0 0 0 0 0 0 0 0 0 0
SD1160 1 0 0 0 0 0 0 0 0 0 0 0 0
SD1237 0.7797807 0 0 0.183718 0 0 0 0 0 0 0 0 0
SD1334 0.8769525 0 0 0 0.09763916 0 0 0 0 0 0 0 0
SD1379 0.4971596 0 0 0 0.3849553 0 0 0 0 0.06065008 0 0 0
SD1497 0.5006299 0 0 0 0 0.332711 0 0 0.1225765 0 0 0 0
SD1517 0.8067324 0 0 0 0 0 0 0 0 0 0 0.1932676 0
SD0029 1 0 0 0 0 0 0 0 0 0 0 0 0
SD0638 0.4713502 0 0 0 0 0 0 0.1117008 0 0.3115971 0 0.1053519 0
SD1009 0.2817225 0.08261634 0 0 0 0.1761323 0 0 0 0.1726227 0 0.2869062 0
SD1177 0.8444291 0.1401176 0 0 0 0 0 0 0 0 0 0 0
SD1193 0.6015218 0.2565185 0 0 0 0 0 0.08854496 0 0 0 0 0
SD1294 0.9892582 0 0 0 0 0 0 0 0 0 0 0 0
SD1386 0.893385 0 0 0 0 0 0 0 0 0 0 0 0
SD0045 1 0 0 0 0 0 0 0 0 0 0 0 0
SD0053 0.398227 0 0 0 0 0 0 0 0 0.601773 0 0 0
SD0330 1 0 0 0 0 0 0 0 0 0 0 0 0
SD0522 0.5343501 0 0 0 0 0 0 0 0.199309 0.1648627 0 0 0.06200507
SD0773 0.9706101 0 0 0 0 0 0 0 0 0 0 0 0
SD0043 0.3292828 0.1429616 0 0 0 0.4218755 0 0 0.1058801 0 0 0 0
SD0075 0.6495857 0 0 0.3279548 0 0 0 0 0 0 0 0 0
SD0220 0.9645767 0 0 0 0 0 0 0 0 0 0 0 0
SD0361 1 0 0 0 0 0 0 0 0 0 0 0 0
SD0675 0.6757941 0 0 0 0 0 0 0 0 0.296912 0 0 0
SD0741 0.6361196 0 0 0.1727448 0 0 0 0 0 0.17414 0 0 0
SD1155 0.8182622 0 0 0 0 0 0 0 0 0.1817378 0 0 0
SD1359 0.6473001 0 0 0.2259736 0 0 0 0 0 0 0.1047365 0 0
SD1414 0.4283461 0 0 0 0 0 0 0 0.1219234 0.4164319 0 0 0
SD0325 0.3183771 0 0 0.3642479 0 0 0 0 0.06170587 0 0.1096002 0.1460689 0
SD0328 0.9067141 0 0 0 0 0 0.09328587 0 0 0 0 0 0
SD0433 0.931272 0 0 0 0 0 0 0 0 0 0 0 0
SD0829 0.7112213 0.1967986 0 0 0 0 0 0 0 0 0.09198014 0 0
SD0914 0 0.08399336 0.5753938 0 0 0.2367844 0.1038285 0 0 0 0 0 0
SD0946 0.6375808 0 0 0.1008278 0 0 0 0 0 0.231707 0 0 0
SD1128_Lt 0 0 0 0 0.1601645 0.3632202 0 0 0 0 0 0.4465948 0
SD1164 0.7491429 0 0 0 0 0.2508571 0 0 0 0 0 0 0
SD1538 0.8396891 0.1136624 0 0 0 0 0 0 0 0 0 0 0
SD0129 0.7422624 0 0 0 0 0 0 0 0.2545737 0 0 0 0
SD1306 1 0 0 0 0 0 0 0 0 0 0 0 0
SD0152 0 0 0 0 0 0.3354153 0 0 0 0.6452975 0 0 0
SD0231 0 0 0 0 0.184546 0 0 0 0.7982683 0 0 0 0
SD0357 0.6622496 0 0.1140103 0 0 0 0 0 0 0 0 0 0.1901592
SD0961 0.989509 0 0 0 0 0 0 0 0 0 0 0 0
SD1010 0.6542625 0 0 0.2653368 0 0 0 0.08040064 0 0 0 0 0
SD1474 1 0 0 0 0 0 0 0 0 0 0 0 0
SD0044 0.6086985 0 0 0 0 0 0 0 0.3033608 0.08794072 0 0 0
SD0122 0.5311593 0 0 0.2628994 0 0 0 0 0 0.159648 0 0 0
SD0138 1 0 0 0 0 0 0 0 0 0 0 0 0
SD0480 1 0 0 0 0 0 0 0 0 0 0 0 0
SD0818 1 0 0 0 0 0 0 0 0 0 0 0 0
SD1559 0.9605723 0 0 0 0 0 0 0 0 0 0 0 0
SD0102 1 0 0 0 0 0 0 0 0 0 0 0 0
SD1019 0.7672235 0 0.1070989 0 0.07368806 0 0 0 0 0 0 0 0
SD1249 0.8706598 0 0 0 0 0 0 0 0 0 0.1203421 0 0
SD1254 1 0 0 0 0 0 0 0 0 0 0 0 0
SD1331 0.5674508 0.4105238 0 0 0 0 0 0 0 0 0 0 0
